0.1	0.102465
0.100925	0.103518
0.101859	0.104581
0.102802	0.105655
0.103753	0.106737
0.104713	0.10783
0.105682	0.108934
0.10666	0.110047
0.107647	0.111171
0.108643	0.112305
0.109648	0.113449
0.110662	0.125635
0.111686	0.146553
0.11272	0.167676
0.113763	0.188982
0.114815	0.210473
0.115878	0.232188
0.11695	0.254086
0.118032	0.276189
0.119124	0.298497
0.120226	0.321008
0.121339	0.343745
0.122462	0.366685
0.123595	0.38983
0.124738	0.41318
0.125893	0.436774
0.127057	0.460552
0.128233	0.484575
0.12942	0.508823
0.130617	0.533276
0.131826	0.557973
0.133045	0.582875
0.134277	0.608042
0.135519	0.633414
0.136773	0.65903
0.138038	0.684872
0.139316	0.710979
0.140605	0.737311
0.141906	0.763887
0.143219	0.790709
0.144544	0.817776
0.145881	0.845089
0.147231	0.872666
0.148594	0.90051
0.149968	0.928578
0.151356	0.956932
0.152757	0.985552
0.15417	1.01442
0.155597	1.04357
0.157036	1.07296
0.158489	1.10264
0.159956	1.13261
0.161436	1.16285
0.16293	1.19337
0.164437	1.22415
0.165959	1.25524
0.167494	1.2866
0.169044	1.31826
0.170608	1.35021
0.172187	1.38247
0.17378	1.41501
0.175388	1.44786
0.177011	1.48101
0.178649	1.51447
0.180302	1.54824
0.18197	1.58231
0.183654	1.61672
0.185353	1.65142
0.187068	1.68646
0.188799	1.72182
0.190546	1.75751
0.192309	1.79352
0.194089	1.82988
0.195884	1.86655
0.197697	1.90359
0.199526	1.94095
0.201372	1.97866
0.203236	2.01674
0.205116	2.05514
0.207014	2.09391
0.20893	2.13305
0.210863	2.18676
0.212814	2.26723
0.214783	2.34845
0.21677	2.4304
0.218776	2.51314
0.2208	2.59663
0.222844	2.68094
0.224905	2.76595
0.226986	2.85178
0.229087	2.93844
0.231206	3.02585
0.233346	3.11412
0.235505	3.20317
0.237684	3.29305
0.239883	3.38375
0.242103	3.47532
0.244343	3.56771
0.246604	3.66097
0.248886	3.7551
0.251189	3.85009
0.253513	3.94595
0.255859	4.04271
0.258226	4.14034
0.260615	4.23888
0.263027	4.33837
0.265461	4.43877
0.267917	4.54007
0.270396	4.64232
0.272898	4.74552
0.275423	4.84967
0.277971	4.95477
0.280543	5.06085
0.283139	5.16793
0.285759	5.276
0.288403	5.38506
0.291072	5.49515
0.293765	5.60622
0.296483	5.71833
0.299226	5.83147
0.301995	5.94569
0.30479	6.06097
0.30761	6.17729
0.310456	6.29385
0.313329	6.39945
0.316228	6.50602
0.319154	6.61357
0.322107	6.72212
0.325087	6.83166
0.328095	6.94223
0.331131	7.05383
0.334195	7.16646
0.337287	7.28011
0.340408	7.39484
0.343558	7.51063
0.346737	7.62748
0.349945	7.7454
0.353183	7.86443
0.356451	7.98455
0.359749	8.10578
0.363078	8.22815
0.366438	8.35166
0.369828	8.47627
0.37325	8.60206
0.376704	8.72902
0.380189	8.85713
0.383707	8.98644
0.387258	9.11697
0.390841	9.24868
0.394457	9.3816
0.398107	9.51577
0.401791	9.65118
0.405509	9.78785
0.409261	9.92577
0.413047	10.0438
0.416869	10.1542
0.420727	10.2657
0.42462	10.3782
0.428549	10.4917
0.432514	10.6063
0.436516	10.722
0.440555	10.8387
0.444631	10.9564
0.448745	11.0753
0.452898	11.1953
0.457088	11.3164
0.461318	11.4386
0.465586	11.5619
0.469894	11.6864
0.474242	11.8121
0.47863	11.9389
0.483059	12.0668
0.487528	12.196
0.49204	12.3263
0.496592	12.4579
0.501187	12.5906
0.505825	12.7247
0.510505	12.8593
0.515229	12.9451
0.519996	13.0316
0.524807	13.1189
0.529663	13.2071
0.534564	13.296
0.539511	13.3859
0.544503	13.4765
0.549541	13.5679
0.554626	13.6602
0.559758	13.7534
0.564937	13.8474
0.570164	13.9423
0.57544	14.0381
0.580764	14.1347
0.586138	14.2323
0.591562	14.3307
0.597035	14.4301
0.60256	14.5304
0.608135	14.6316
0.613762	14.7197
0.619441	14.7981
0.625173	14.8772
0.630957	14.957
0.636796	15.0376
0.642688	15.119
0.648634	15.201
0.654636	15.2839
0.660693	15.3675
0.666807	15.4519
0.672977	15.537
0.679204	15.623
0.685488	15.7097
0.691831	15.7972
0.698232	15.8856
0.704693	15.9748
0.711214	16.0616
0.717794	16.1171
0.724436	16.173
0.731139	16.2295
0.737904	16.2865
0.744732	16.344
0.751623	16.402
0.758578	16.4606
0.765597	16.5197
0.772681	16.5794
0.77983	16.6396
0.787046	16.7004
0.794328	16.7617
0.801678	16.8236
0.809096	16.8861
0.816582	16.9306
0.824138	16.9703
0.831764	17.0104
0.83946	17.0509
0.847227	17.0917
0.855067	17.1329
0.862979	17.1745
0.870964	17.2165
0.879023	17.2588
0.887156	17.3016
0.895365	17.3447
0.903649	17.3883
0.912011	17.432
0.92045	17.4749
0.928966	17.5181
0.937562	17.5618
0.946237	17.6059
0.954993	17.6503
0.963829	17.6952
0.972747	17.7405
0.981748	17.7863
0.990832	17.8324
1	17.879
1.00925	17.926
1.01859	17.9277
1.02802	17.9196
1.03753	17.9114
1.04713	17.9031
1.05682	17.8948
1.0666	17.8864
1.07647	17.8779
1.08643	17.8693
1.09648	17.8606
1.10662	17.8519
1.11686	17.8857
1.1272	17.9517
1.13763	18.0184
1.14815	18.0856
1.15878	18.1536
1.1695	18.2221
1.18032	18.2913
1.19124	18.3611
1.20226	18.4315
1.21339	18.4849
1.22462	18.4706
1.23595	18.4562
1.24738	18.4417
1.25893	18.427
1.27057	18.4121
1.28233	18.3972
1.2942	18.382
1.30617	18.3668
1.31826	18.3598
1.33045	18.3588
1.34276	18.3578
1.35519	18.3567
1.36773	18.3557
1.38038	18.3546
1.39316	18.3535
1.40605	18.3524
1.41906	18.3618
1.43219	18.3782
1.44544	18.3948
1.45881	18.4115
1.47231	18.4284
1.48594	18.4455
1.49968	18.4627
1.51356	18.4779
1.52757	18.482
1.5417	18.4862
1.55597	18.4903
1.57036	18.4946
1.58489	18.4988
1.59956	18.5031
1.61436	18.4983
1.6293	18.4556
1.64437	18.4125
1.65959	18.369
1.67494	18.3251
1.69044	18.2808
1.70608	18.2361
1.72187	18.2233
1.7378	18.2276
1.75388	18.2319
1.77011	18.2363
1.78649	18.2407
1.80302	18.2452
1.8197	18.2483
1.83654	18.2501
1.85353	18.2518
1.87068	18.2536
1.88799	18.2554
1.90546	18.2572
1.92309	18.2498
1.94089	18.2373
1.95884	18.2246
1.97697	18.2118
1.99526	18.1989
2.01372	18.1895
2.03236	18.2112
2.05116	18.233
2.07014	18.2551
2.0893	18.2774
2.10863	18.2999
2.12814	18.2886
2.14783	18.2704
2.1677	18.252
2.18776	18.2334
2.208	18.2146
2.22844	18.1906
2.24905	18.1651
2.26986	18.1393
2.29087	18.1134
2.31206	18.0872
2.33346	18.0477
2.35505	18.0078
2.37684	17.9675
2.39883	17.9269
2.42103	17.9192
2.44343	17.9617
2.46604	18.0047
2.48886	18.048
2.51189	18.0918
2.53513	18.0474
2.55859	18.0012
2.58226	17.9546
2.60615	17.9075
2.63027	17.9122
2.65461	17.935
2.67917	17.9581
2.70396	17.9814
2.72898	17.9743
2.75423	17.9513
2.77971	17.9282
2.80543	17.9048
2.83139	17.8624
2.85759	17.8123
2.88403	17.7619
2.91072	17.7109
2.93765	17.7063
2.96483	17.7052
2.99226	17.7041
3.01995	17.6928
3.04789	17.6524
3.0761	17.6115
3.10456	17.5703
3.13329	17.584
3.16228	17.6203
3.19154	17.6569
3.22107	17.6858
3.25087	17.6939
3.28095	17.7021
3.31131	17.7103
3.34195	17.6729
3.37287	17.6326
3.40408	17.5919
3.43558	17.5769
3.46737	17.5723
3.49945	17.5678
3.53183	17.5665
3.56451	17.5678
3.59749	17.5691
3.63078	17.5513
3.66438	17.516
3.69828	17.4804
3.7325	17.4786
3.76704	17.504
3.80189	17.5296
3.83707	17.5282
3.87258	17.5133
3.90841	17.4984
3.94457	17.4459
3.98107	17.3867
4.01791	17.3333
4.05509	17.3269
4.09261	17.3204
4.13047	17.3169
4.16869	17.3169
4.20727	17.317
4.2462	17.3093
4.28549	17.2999
4.32514	17.293
4.36516	17.2929
4.40555	17.2928
4.44631	17.2749
4.48745	17.2522
4.52898	17.2263
4.57088	17.1947
4.61318	17.1629
4.65586	17.2
4.69894	17.2391
4.74242	17.3011
4.7863	17.3762
4.83059	17.4319
4.87529	17.4536
4.9204	17.4658
4.96592	17.4147
5.01187	17.3632
5.05825	17.2667
5.10505	17.1667
5.15229	17.0985
5.19996	17.0381
5.24807	17.0343
5.29663	17.0558
5.34564	17.0891
5.39511	17.1295
5.44503	17.1559
5.49541	17.173
5.54626	17.1838
5.59758	17.1907
5.64937	17.1921
5.70164	17.1908
5.7544	17.1645
5.80764	17.1294
5.86138	17.0637
5.91562	16.9925
5.97035	16.945
6.0256	16.9097
6.08135	16.931
6.13762	16.9599
6.19441	17.001
6.25173	17.0136
6.30957	17.0093
6.36796	16.9785
6.42688	16.9498
6.48634	16.9442
6.54636	16.959
6.60693	16.9938
6.66807	17.019
6.72977	17.0311
6.79204	17.0023
6.85488	16.9615
6.91831	16.914
6.98232	16.8994
7.04693	16.9026
7.11214	16.9259
7.17794	16.9313
7.24436	16.9068
7.31139	16.842
7.37904	16.7527
7.44732	16.687
7.51623	16.6535
7.58578	16.7265
7.65597	16.8215
7.72681	16.9258
7.7983	16.9809
7.87046	16.9615
7.94328	16.9
8.01678	16.8102
8.09096	16.7469
8.16582	16.7222
8.24138	16.7289
8.31764	16.7576
8.3946	16.7842
8.47227	16.7955
8.55067	16.7936
8.62979	16.7816
8.70964	16.7642
8.79023	16.7482
8.87156	16.7359
8.95365	16.729
9.03649	16.7292
9.12011	16.7373
9.2045	16.7474
9.28966	16.7489
9.37562	16.7339
9.46237	16.7033
9.54993	16.6693
9.63829	16.6527
9.72747	16.6757
9.81748	16.7575
9.90832	16.8797
10	17.0045
10.0925	17.0992
10.1859	17.1439
10.2802	17.1449
10.3753	17.1198
10.4713	17.0885
10.5682	17.0656
10.666	17.0543
10.7647	17.051
10.8643	17.0513
10.9648	17.0519
11.0662	17.0514
11.1686	17.0498
11.272	17.0471
11.3763	17.0435
11.4815	17.0391
11.5878	17.0342
11.695	17.0292
11.8032	17.0243
11.9124	17.0197
12.0226	17.0152
12.1339	17.011
12.2462	17.0069
12.3595	17.0029
12.4738	16.9989
12.5893	16.9949
12.7057	16.9908
12.8233	16.9866
12.942	16.9824
13.0617	16.9782
13.1826	16.974
13.3045	16.97
13.4277	16.966
13.5519	16.9621
13.6773	16.9582
13.8038	16.9544
13.9316	16.9508
14.0605	16.9476
14.1906	16.9446
14.3219	16.9417
14.4544	16.9381
14.5881	16.9333
14.7231	16.9271
14.8594	16.9208
14.9968	16.9166
15.1356	16.917
15.2757	16.9238
15.417	16.9334
15.5597	16.9399
15.7036	16.9379
15.8489	16.9219
15.9956	16.8957
16.1436	16.8677
16.293	16.847
16.4437	16.8408
16.5959	16.8484
16.7494	16.8624
16.9044	16.8762
17.0608	16.8828
17.2187	16.882
17.378	16.876
17.5388	16.8681
17.7011	16.8609
17.8649	16.8555
18.0302	16.8515
18.197	16.849
18.3654	16.8474
18.5353	16.8464
18.7068	16.8457
18.8799	16.8447
19.0546	16.8429
19.2309	16.8404
19.4089	16.8375
19.5884	16.8344
19.7697	16.8315
19.9526	16.8288
20.1372	16.8262
20.3236	16.8236
20.5116	16.8208
20.7014	16.8178
20.893	16.8149
21.0863	16.8121
21.2814	16.8097
21.4783	16.8075
21.677	16.8055
21.8776	16.8035
22.08	16.8013
22.2844	16.799
22.4905	16.7966
22.6986	16.7942
22.9087	16.7919
23.1206	16.7897
23.3346	16.7876
23.5505	16.7854
23.7684	16.7833
23.9883	16.781
24.2103	16.7788
24.4343	16.7765
24.6604	16.7742
24.8886	16.7719
25.1189	16.7697
25.3513	16.7676
25.5859	16.7657
25.8226	16.7639
26.0615	16.7621
26.3027	16.7603
26.5461	16.7583
26.7917	16.7563
27.0396	16.7542
27.2898	16.7522
27.5423	16.7503
27.7971	16.7485
28.0543	16.7467
28.3139	16.7448
28.5759	16.7428
28.8403	16.7407
29.1072	16.7388
29.3765	16.7373
29.6483	16.7365
29.9226	16.736
30.1995	16.7349
30.4789	16.732
30.761	16.7266
31.0456	16.7188
31.3329	16.7109
31.6228	16.7049
31.9154	16.7032
32.2107	16.7058
32.5087	16.7108
32.8095	16.7158
33.1131	16.7185
33.4195	16.7181
33.7287	16.7156
34.0408	16.7124
34.3558	16.7095
34.6737	16.7077
34.9945	16.7065
35.3183	16.7056
35.6451	16.7047
35.9749	16.7035
36.3078	16.7022
36.6438	16.7007
36.9828	16.6993
37.325	16.6979
37.6704	16.6965
38.0189	16.695
38.3707	16.6935
38.7258	16.692
39.0841	16.6905
39.4457	16.6889
39.8107	16.6874
40.1791	16.686
40.5509	16.6847
40.9261	16.6835
41.3048	16.6823
41.6869	16.6812
42.0727	16.6802
42.462	16.6791
42.8548	16.6779
43.2514	16.6767
43.6516	16.6753
44.0555	16.674
44.4631	16.6727
44.8745	16.6715
45.2898	16.6703
45.7088	16.6691
46.1318	16.6679
46.5586	16.6667
46.9894	16.6655
47.4242	16.6644
47.863	16.6633
48.3059	16.6624
48.7528	16.6615
49.204	16.6605
49.6592	16.6594
50.1187	16.6582
50.5825	16.6569
51.0505	16.6557
51.5229	16.6548
51.9996	16.6541
52.4807	16.6535
52.9663	16.6529
53.4564	16.6521
53.9511	16.651
54.4503	16.6499
54.9541	16.6488
55.4626	16.6479
55.9758	16.6473
56.4937	16.6467
57.0164	16.6457
57.544	16.644
58.0764	16.6417
58.6138	16.6397
59.1562	16.6392
59.7035	16.6415
60.256	16.6467
60.8135	16.6529
61.3762	16.6578
61.9441	16.6588
62.5173	16.6548
63.0957	16.6476
63.6796	16.6396
64.2688	16.6334
64.8634	16.6306
65.4636	16.6303
66.0694	16.6312
66.6807	16.6319
67.2977	16.6316
67.9204	16.6305
68.5488	16.629
69.1831	16.6275
69.8232	16.6263
70.4693	16.6255
71.1214	16.6249
71.7794	16.6243
72.4436	16.6238
73.1139	16.6233
73.7904	16.6226
74.4732	16.6219
75.1623	16.6212
75.8578	16.6203
76.5597	16.6195
77.2681	16.6188
77.983	16.6182
78.7046	16.6177
79.4328	16.6172
80.1678	16.6168
80.9096	16.6164
81.6582	16.6159
82.4138	16.6153
83.1764	16.6146
83.946	16.6137
84.7227	16.6128
85.5067	16.612
86.2979	16.6112
87.0964	16.6107
87.9023	16.6102
88.7156	16.6099
89.5365	16.6094
90.3649	16.6089
91.2011	16.6083
92.045	16.6076
92.8967	16.6071
93.7562	16.6067
94.6237	16.6062
95.4993	16.6057
96.3829	16.6049
97.2747	16.6037
98.1748	16.6018
99.0832	16.5993
