0.1	0
0.100925	0
0.101859	0
0.102802	0
0.103753	0
0.104713	0
0.105682	0
0.10666	0
0.107647	0
0.108643	0
0.109648	0
0.110662	0.00140238
0.111686	0.00391333
0.11272	0.0064488
0.113763	0.00900634
0.114815	0.0115859
0.115878	0.0141925
0.11695	0.0168212
0.118032	0.0194744
0.119124	0.022152
0.120226	0.0248543
0.121339	0.0275834
0.122462	0.0303372
0.123595	0.0331154
0.124738	0.0359181
0.125893	0.0387503
0.127057	0.0416046
0.128233	0.0444882
0.12942	0.0473989
0.130617	0.050334
0.131826	0.0532986
0.133045	0.0562877
0.134277	0.0593087
0.135519	0.0623542
0.136773	0.0654292
0.138038	0.0685311
0.139316	0.0716648
0.140605	0.0748256
0.141906	0.0780158
0.143219	0.0812354
0.144544	0.0844844
0.145881	0.0877629
0.147231	0.0910732
0.148594	0.0944154
0.149968	0.0977846
0.151356	0.101188
0.152757	0.104624
0.15417	0.108088
0.155597	0.111587
0.157036	0.115116
0.158489	0.118679
0.159956	0.122276
0.161436	0.125905
0.16293	0.129569
0.164437	0.133264
0.165959	0.136996
0.167494	0.14076
0.169044	0.144561
0.170608	0.148396
0.172187	0.152268
0.17378	0.156174
0.175388	0.160117
0.177011	0.164097
0.178649	0.168113
0.180302	0.172167
0.18197	0.176257
0.183654	0.180386
0.185353	0.184552
0.187068	0.188757
0.188799	0.193002
0.190546	0.197286
0.192309	0.201609
0.194089	0.205974
0.195884	0.210375
0.197697	0.214821
0.199526	0.219306
0.201372	0.223832
0.203236	0.228403
0.205116	0.233013
0.207014	0.237667
0.20893	0.242365
0.210863	0.253137
0.212814	0.275154
0.214783	0.297375
0.21677	0.319798
0.218776	0.342437
0.2208	0.365278
0.222844	0.388345
0.224905	0.411604
0.226986	0.435088
0.229087	0.458799
0.231206	0.482712
0.233346	0.506862
0.235505	0.531227
0.237684	0.555818
0.239883	0.580634
0.242103	0.605687
0.244343	0.630966
0.246604	0.656482
0.248886	0.682235
0.251189	0.708225
0.253513	0.734451
0.255859	0.760927
0.258226	0.787639
0.260615	0.814599
0.263027	0.841819
0.265461	0.869287
0.267917	0.897004
0.270396	0.92498
0.272898	0.953216
0.275423	0.981711
0.277971	1.01047
0.280543	1.03949
0.283139	1.06879
0.285759	1.09835
0.288403	1.12819
0.291072	1.15831
0.293765	1.1887
0.296483	1.21938
0.299226	1.25033
0.301995	1.28158
0.30479	1.31312
0.30761	1.34495
0.310456	1.37684
0.313329	1.40583
0.316228	1.43508
0.319154	1.4646
0.322107	1.4944
0.325087	1.52446
0.328095	1.55481
0.331131	1.58544
0.334195	1.61636
0.337287	1.64755
0.340408	1.67904
0.343558	1.71082
0.346737	1.7429
0.349945	1.77526
0.353183	1.80793
0.356451	1.84091
0.359749	1.87418
0.363078	1.90777
0.366438	1.94167
0.369828	1.97587
0.37325	2.0104
0.376704	2.04525
0.380189	2.08041
0.383707	2.1159
0.387258	2.15173
0.390841	2.18788
0.394457	2.22436
0.398107	2.26119
0.401791	2.29836
0.405509	2.33587
0.409261	2.37373
0.413047	2.40554
0.416869	2.43503
0.420727	2.46479
0.42462	2.49482
0.428549	2.52513
0.432514	2.55572
0.436516	2.58659
0.440555	2.61775
0.444631	2.64919
0.448745	2.68093
0.452898	2.71296
0.457088	2.74529
0.461318	2.77792
0.465586	2.81084
0.469894	2.84408
0.474242	2.87762
0.47863	2.91147
0.483059	2.94563
0.487528	2.98011
0.49204	3.01492
0.496592	3.05003
0.501187	3.08548
0.505825	3.12126
0.510505	3.15726
0.515229	3.18458
0.519996	3.21216
0.524807	3.23999
0.529663	3.26808
0.534564	3.29643
0.539511	3.32505
0.544503	3.35393
0.549541	3.38307
0.554626	3.41248
0.559758	3.44217
0.564937	3.47213
0.570164	3.50237
0.57544	3.53289
0.580764	3.56369
0.586138	3.59477
0.591562	3.62615
0.597035	3.65781
0.60256	3.68977
0.608135	3.72202
0.613762	3.74761
0.619441	3.76818
0.625173	3.78895
0.630957	3.8099
0.636796	3.83105
0.642688	3.8524
0.648634	3.87394
0.654636	3.89568
0.660693	3.91763
0.666807	3.93978
0.672977	3.96213
0.679204	3.98469
0.685488	4.00745
0.691831	4.03043
0.698232	4.05362
0.704693	4.07703
0.711214	4.10004
0.717794	4.11699
0.724436	4.1341
0.731139	4.15137
0.737904	4.1688
0.744732	4.18639
0.751623	4.20414
0.758578	4.22206
0.765597	4.24014
0.772681	4.25839
0.77983	4.27681
0.787046	4.2954
0.794328	4.31416
0.801678	4.3331
0.809096	4.35221
0.816582	4.36727
0.824138	4.38128
0.831764	4.39543
0.83946	4.40971
0.847227	4.42412
0.855067	4.43866
0.862979	4.45334
0.870964	4.46816
0.879023	4.48311
0.887156	4.49819
0.895365	4.51342
0.903649	4.52879
0.912011	4.54331
0.92045	4.552
0.928966	4.56077
0.937562	4.56962
0.946237	4.57855
0.954993	4.58757
0.963829	4.59666
0.972747	4.60584
0.981748	4.61511
0.990832	4.62446
1	4.6339
1.00925	4.64343
1.01859	4.6513
1.02802	4.65887
1.03753	4.66651
1.04713	4.67422
1.05682	4.682
1.0666	4.68985
1.07647	4.69777
1.08643	4.70577
1.09648	4.71384
1.10662	4.72198
1.11686	4.72919
1.1272	4.73571
1.13763	4.74228
1.14815	4.74891
1.15878	4.75561
1.1695	4.76236
1.18032	4.76918
1.19124	4.77606
1.20226	4.783
1.21339	4.78888
1.22462	4.79042
1.23595	4.79198
1.24738	4.79354
1.25893	4.79513
1.27057	4.79673
1.28233	4.79834
1.2942	4.79997
1.30617	4.80162
1.31826	4.80324
1.33045	4.80484
1.34276	4.80646
1.35519	4.8081
1.36773	4.80975
1.38038	4.81142
1.39316	4.8131
1.40605	4.8148
1.41906	4.81679
1.43219	4.81898
1.44544	4.8212
1.45881	4.82343
1.47231	4.82569
1.48594	4.82797
1.49968	4.83026
1.51356	4.83172
1.52757	4.82861
1.5417	4.82548
1.55597	4.82231
1.57036	4.81912
1.58489	4.81589
1.59956	4.81264
1.61436	4.81011
1.6293	4.81068
1.64437	4.81125
1.65959	4.81183
1.67494	4.81241
1.69044	4.813
1.70608	4.81359
1.72187	4.8128
1.7378	4.81125
1.75388	4.80968
1.77011	4.80811
1.78649	4.80651
1.80302	4.8049
1.8197	4.80099
1.83654	4.79456
1.85353	4.78808
1.87068	4.78154
1.88799	4.77494
1.90546	4.76828
1.92309	4.76528
1.94089	4.76431
1.95884	4.76334
1.97697	4.76236
1.99526	4.76137
2.01372	4.76039
2.03236	4.75956
2.05116	4.75874
2.07014	4.7579
2.0893	4.75705
2.10863	4.7562
2.12814	4.7587
2.14783	4.76191
2.1677	4.76515
2.18776	4.76842
2.208	4.77171
2.22844	4.76186
2.24905	4.7487
2.26986	4.73542
2.29087	4.72201
2.31206	4.70848
2.33346	4.71905
2.35505	4.72972
2.37684	4.74049
2.39883	4.75136
2.42103	4.75717
2.44343	4.75518
2.46604	4.75317
2.48886	4.75115
2.51189	4.7491
2.53513	4.73531
2.55859	4.7212
2.58226	4.70697
2.60615	4.6926
2.63027	4.68919
2.65461	4.6896
2.67917	4.69002
2.70396	4.69044
2.72898	4.68338
2.75423	4.67238
2.77971	4.66128
2.80543	4.65007
2.83139	4.64567
2.85759	4.64385
2.88403	4.64202
2.91072	4.64017
2.93765	4.64747
2.96483	4.65554
2.99226	4.66369
3.01995	4.6673
3.04789	4.65781
3.0761	4.64824
3.10456	4.63858
3.13329	4.63898
3.16228	4.6435
3.19154	4.64806
3.22107	4.6473
3.25087	4.63242
3.28095	4.6174
3.31131	4.60225
3.34195	4.6091
3.37287	4.61729
3.40408	4.62557
3.43558	4.63315
3.46737	4.64049
3.49945	4.6479
3.53183	4.6431
3.56451	4.62917
3.59749	4.61511
3.63078	4.60551
3.66438	4.59997
3.69828	4.59439
3.7325	4.59182
3.76704	4.59164
3.80189	4.59146
3.83707	4.58868
3.87258	4.58459
3.90841	4.58046
3.94457	4.57557
3.98107	4.57052
4.01791	4.56677
4.05509	4.57323
4.09261	4.57975
4.13047	4.58168
4.16869	4.57773
4.20727	4.57374
4.2462	4.57421
4.28549	4.57561
4.32514	4.57047
4.36516	4.54862
4.40555	4.52658
4.44631	4.51816
4.48745	4.51329
4.52898	4.51445
4.57088	4.52655
4.61318	4.53877
4.65586	4.53337
4.69894	4.52751
4.74242	4.53064
4.7863	4.53875
4.83059	4.54607
4.87529	4.55196
4.9204	4.55553
4.96592	4.54347
5.01187	4.5313
5.05825	4.51468
5.10505	4.49765
5.15229	4.50432
5.19996	4.51716
5.24807	4.52483
5.29663	4.53023
5.34564	4.52086
5.39511	4.50261
5.44503	4.49608
5.49541	4.49734
5.54626	4.49791
5.59758	4.49804
5.64937	4.48849
5.70164	4.47387
5.7544	4.46998
5.80764	4.46981
5.86138	4.47758
5.91562	4.4867
5.97035	4.48879
6.0256	4.49042
6.08135	4.48994
6.13762	4.48885
6.19441	4.4868
6.25173	4.48034
6.30957	4.47121
6.36796	4.46579
6.42688	4.46385
6.48634	4.47531
6.54636	4.48046
6.60693	4.4794
6.66807	4.45319
6.72977	4.42677
6.79204	4.41569
6.85488	4.42844
6.91831	4.45565
6.98232	4.46267
7.04693	4.45139
7.11214	4.41943
7.17794	4.40838
7.24436	4.41637
7.31139	4.4491
7.37904	4.47249
7.44732	4.47972
7.51623	4.46773
7.58578	4.45314
7.65597	4.44857
7.72681	4.45243
7.7983	4.45833
7.87046	4.45529
7.94328	4.44741
8.01678	4.4365
8.09096	4.43128
8.16582	4.42767
8.24138	4.42308
8.31764	4.41445
8.3946	4.40171
8.47227	4.39327
8.55067	4.39175
8.62979	4.39852
8.70964	4.41222
8.79023	4.42847
8.87156	4.44348
8.95365	4.45448
9.03649	4.45907
9.12011	4.45588
9.2045	4.44534
9.28966	4.43089
9.37562	4.4154
9.46237	4.40219
9.54993	4.39461
9.63829	4.39554
9.72747	4.40688
9.81748	4.43048
9.90832	4.46267
10	4.49165
10.0925	4.50763
10.1859	4.50982
10.2802	4.50426
10.3753	4.49855
10.4713	4.49611
10.5682	4.496
10.666	4.49601
10.7647	4.49505
10.8643	4.49343
10.9648	4.49182
11.0662	4.49058
11.1686	4.48956
11.272	4.48851
11.3763	4.4873
11.4815	4.486
11.5878	4.48473
11.695	4.48355
11.8032	4.48245
11.9124	4.48136
12.0226	4.48024
12.1339	4.4791
12.2462	4.47797
12.3595	4.47685
12.4738	4.47574
12.5893	4.47459
12.7057	4.47341
12.8233	4.47224
12.942	4.47116
13.0617	4.47018
13.1826	4.46927
13.3045	4.46836
13.4277	4.46739
13.5519	4.46639
13.6773	4.46538
13.8038	4.46438
13.9316	4.46339
14.0605	4.4624
14.1906	4.46141
14.3219	4.46047
14.4544	4.45965
14.5881	4.45895
14.7231	4.45817
14.8594	4.45695
14.9968	4.45526
15.1356	4.45383
15.2757	4.454
15.417	4.45631
15.5597	4.45928
15.7036	4.46002
15.8489	4.45598
15.9956	4.44884
16.1436	4.44256
16.293	4.44066
16.4437	4.44256
16.5959	4.44561
16.7494	4.44696
16.9044	4.44621
17.0608	4.44456
17.2187	4.44314
17.378	4.44234
17.5388	4.44181
17.7011	4.44122
17.8649	4.44047
18.0302	4.43966
18.197	4.43886
18.3654	4.43811
18.5353	4.4374
18.7068	4.43671
18.8799	4.43602
19.0546	4.43533
19.2309	4.43464
19.4089	4.43393
19.5884	4.43323
19.7697	4.43253
19.9526	4.43185
20.1372	4.43119
20.3236	4.43055
20.5116	4.42993
20.7014	4.4293
20.893	4.42863
21.0863	4.42793
21.2814	4.42726
21.4783	4.42668
21.677	4.42619
21.8776	4.42572
22.08	4.42516
22.2844	4.42447
22.4905	4.42372
22.6986	4.42297
22.9087	4.42229
23.1206	4.42168
23.3346	4.42112
23.5505	4.42061
23.7684	4.42014
23.9883	4.41971
24.2103	4.41928
24.4343	4.41874
24.6604	4.41792
24.8886	4.41682
25.1189	4.4157
25.3513	4.41493
25.5859	4.41473
25.8226	4.41484
26.0615	4.41487
26.3027	4.41452
26.5461	4.41391
26.7917	4.41325
27.0396	4.41269
27.2898	4.41222
27.5423	4.41174
27.7971	4.4112
28.0543	4.41066
28.3139	4.41025
28.5759	4.41003
28.8403	4.40973
29.1072	4.40896
29.3765	4.40753
29.6483	4.40638
29.9226	4.40705
30.1995	4.41066
30.4789	4.4153
30.761	4.41769
31.0456	4.41491
31.3329	4.40835
31.6228	4.40198
31.9154	4.39945
32.2107	4.40056
32.5087	4.40293
32.8095	4.40419
33.1131	4.4039
33.4195	4.40289
33.7287	4.402
34.0408	4.4015
34.3558	4.4012
34.6737	4.4009
34.9945	4.40052
35.3183	4.40012
35.6451	4.39972
35.9749	4.39935
36.3078	4.39901
36.6438	4.39868
36.9828	4.39839
37.325	4.39815
37.6704	4.39801
38.0189	4.3979
38.3707	4.39769
38.7258	4.39727
39.0841	4.39663
39.4457	4.39598
39.8107	4.39553
40.1791	4.3953
40.5509	4.395
40.9261	4.39431
41.3048	4.39322
41.6869	4.39216
42.0727	4.39163
42.462	4.3918
42.8548	4.39231
43.2514	4.39268
43.6516	4.39263
44.0555	4.39224
44.4631	4.39163
44.8745	4.39096
45.2898	4.39036
45.7088	4.38999
46.1318	4.38992
46.5586	4.38999
46.9894	4.38999
47.4242	4.38979
47.863	4.38944
48.3059	4.38906
48.7528	4.38873
49.204	4.38843
49.6592	4.38817
50.1187	4.38793
50.5825	4.38771
51.0505	4.38749
51.5229	4.38728
51.9996	4.38705
52.4807	4.38678
52.9663	4.38644
53.4564	4.38612
53.9511	4.38591
54.4503	4.38588
54.9541	4.38591
55.4626	4.38586
55.9758	4.38558
56.4937	4.38517
57.0164	4.38478
57.544	4.38455
58.0764	4.38435
58.6138	4.38395
59.1562	4.38319
59.7035	4.38254
60.256	4.38277
60.8135	4.38452
61.3762	4.3865
61.9441	4.38642
62.5173	4.38221
63.0957	4.37552
63.6796	4.37021
64.2688	4.37
64.8634	4.37433
65.4636	4.3797
66.0694	4.38262
66.6807	4.38253
67.2977	4.3811
67.9204	4.38007
68.5488	4.37992
69.1831	4.38006
69.8232	4.37989
70.4693	4.37932
71.1214	4.3787
71.7794	4.37843
72.4436	4.37858
73.1139	4.37885
73.7904	4.37894
74.4732	4.37875
75.1623	4.37844
75.8578	4.37819
76.5597	4.37804
77.2681	4.37793
77.983	4.37774
78.7046	4.37746
79.4328	4.37718
80.1678	4.37701
80.9096	4.37699
81.6582	4.37701
82.4138	4.37696
83.1764	4.37679
83.946	4.37653
84.7227	4.37626
85.5067	4.37601
86.2979	4.3758
87.0964	4.37566
87.9023	4.37556
88.7156	4.37549
89.5365	4.37538
90.3649	4.37522
91.2011	4.37503
92.045	4.37484
92.8967	4.3747
93.7562	4.37459
94.6237	4.37452
95.4993	4.37445
96.3829	4.37434
97.2747	4.3741
98.1748	4.37365
99.0832	4.37292
