0.1	0
0.100925	0
0.101859	0
0.102802	0
0.103753	0
0.104713	0
0.105682	0
0.10666	0
0.107647	0
0.108643	0
0.109648	0
0.110662	0.000265299
0.111686	0.000740315
0.11272	0.00121997
0.113763	0.0017038
0.114815	0.0021918
0.115878	0.00268491
0.11695	0.00318219
0.118032	0.00368411
0.119124	0.00419067
0.120226	0.00470187
0.121339	0.00521817
0.122462	0.00573911
0.123595	0.00626469
0.124738	0.00679491
0.125893	0.0073307
0.127057	0.00787066
0.128233	0.00841618
0.12942	0.00896681
0.130617	0.00952208
0.131826	0.0100829
0.133045	0.0106484
0.134277	0.0112199
0.135519	0.011796
0.136773	0.0123777
0.138038	0.0129646
0.139316	0.0135574
0.140605	0.0141553
0.141906	0.0147589
0.143219	0.0153679
0.144544	0.0159826
0.145881	0.0166028
0.147231	0.017229
0.148594	0.0178613
0.149968	0.0184987
0.151356	0.0191425
0.152757	0.0197924
0.15417	0.0204479
0.155597	0.0211099
0.157036	0.0217774
0.158489	0.0224514
0.159956	0.0231319
0.161436	0.0238185
0.16293	0.0245115
0.164437	0.0252106
0.165959	0.0259166
0.167494	0.0266287
0.169044	0.0273477
0.170608	0.0280732
0.172187	0.0288057
0.17378	0.0295446
0.175388	0.0302906
0.177011	0.0310435
0.178649	0.0318033
0.180302	0.0325701
0.18197	0.0333438
0.183654	0.034125
0.185353	0.0349132
0.187068	0.0357087
0.188799	0.0365117
0.190546	0.0373221
0.192309	0.0381399
0.194089	0.0389656
0.195884	0.0397983
0.197697	0.0406393
0.199526	0.0414878
0.201372	0.0423441
0.203236	0.0432088
0.205116	0.0440809
0.207014	0.0449613
0.20893	0.0458501
0.210863	0.047484
0.212814	0.0504952
0.214783	0.0535342
0.21677	0.0566011
0.218776	0.0596972
0.2208	0.0628211
0.222844	0.0659759
0.224905	0.0691569
0.226986	0.0723688
0.229087	0.0756116
0.231206	0.0788821
0.233346	0.0821851
0.235505	0.0855174
0.237684	0.0888806
0.239883	0.0922746
0.242103	0.095701
0.244343	0.0991583
0.246604	0.102648
0.248886	0.10617
0.251189	0.109725
0.253513	0.113312
0.255859	0.116933
0.258226	0.120586
0.260615	0.124273
0.263027	0.127996
0.265461	0.131753
0.267917	0.135543
0.270396	0.13937
0.272898	0.143231
0.275423	0.147128
0.277971	0.151061
0.280543	0.155031
0.283139	0.159038
0.285759	0.163081
0.288403	0.167162
0.291072	0.171282
0.293765	0.175438
0.296483	0.179633
0.299226	0.183867
0.301995	0.188141
0.30479	0.192455
0.30761	0.196807
0.310456	0.201203
0.313329	0.205684
0.316228	0.210206
0.319154	0.214771
0.322107	0.219377
0.325087	0.224025
0.328095	0.228717
0.331131	0.233453
0.334195	0.238233
0.337287	0.243056
0.340408	0.247924
0.343558	0.252838
0.346737	0.257797
0.349945	0.262801
0.353183	0.267851
0.356451	0.272949
0.359749	0.278094
0.363078	0.283286
0.366438	0.288528
0.369828	0.293816
0.37325	0.299153
0.376704	0.304541
0.380189	0.309977
0.383707	0.315465
0.387258	0.321004
0.390841	0.326593
0.394457	0.332234
0.398107	0.337927
0.401791	0.343674
0.405509	0.349473
0.409261	0.355326
0.413047	0.361114
0.416869	0.366909
0.420727	0.372758
0.42462	0.37866
0.428549	0.384617
0.432514	0.390628
0.436516	0.396696
0.440555	0.402819
0.444631	0.408999
0.448745	0.415236
0.452898	0.421533
0.457088	0.427885
0.461318	0.434299
0.465586	0.440769
0.469894	0.447301
0.474242	0.453893
0.47863	0.460546
0.483059	0.46726
0.487528	0.474036
0.49204	0.480877
0.496592	0.487778
0.501187	0.494745
0.505825	0.501776
0.510505	0.508878
0.515229	0.516618
0.519996	0.524429
0.524807	0.532311
0.529663	0.540267
0.534564	0.548297
0.539511	0.556402
0.544503	0.564581
0.549541	0.572835
0.554626	0.581166
0.559758	0.589575
0.564937	0.59806
0.570164	0.606624
0.57544	0.615268
0.580764	0.623991
0.586138	0.632795
0.591562	0.641682
0.597035	0.650649
0.60256	0.659701
0.608135	0.668835
0.613762	0.67731
0.619441	0.685302
0.625173	0.693369
0.630957	0.701509
0.636796	0.709727
0.642688	0.718019
0.648634	0.726387
0.654636	0.734833
0.660693	0.743358
0.666807	0.751962
0.672977	0.760645
0.679204	0.769409
0.685488	0.778252
0.691831	0.787179
0.698232	0.796187
0.704693	0.80528
0.711214	0.814371
0.717794	0.822661
0.724436	0.83103
0.731139	0.839475
0.737904	0.847998
0.744732	0.8566
0.751623	0.865282
0.758578	0.874045
0.765597	0.882888
0.772681	0.891813
0.77983	0.90082
0.787046	0.909911
0.794328	0.919086
0.801678	0.928346
0.809096	0.937692
0.816582	0.947675
0.824138	0.957905
0.831764	0.968231
0.83946	0.978651
0.847227	0.989167
0.855067	0.999782
0.862979	1.01049
0.870964	1.02131
0.879023	1.03222
0.887156	1.04323
0.895365	1.05434
0.903649	1.06556
0.912011	1.07682
0.92045	1.08778
0.928966	1.09885
0.937562	1.11002
0.946237	1.12129
0.954993	1.13267
0.963829	1.14415
0.972747	1.15574
0.981748	1.16744
0.990832	1.17924
1	1.19115
1.00925	1.20317
1.01859	1.21388
1.02802	1.22438
1.03753	1.23497
1.04713	1.24566
1.05682	1.25646
1.0666	1.26735
1.07647	1.27834
1.08643	1.28943
1.09648	1.30062
1.10662	1.31191
1.11686	1.32272
1.1272	1.3332
1.13763	1.34376
1.14815	1.35441
1.15878	1.36518
1.1695	1.37603
1.18032	1.38699
1.19124	1.39805
1.20226	1.40921
1.21339	1.42038
1.22462	1.43128
1.23595	1.44229
1.24738	1.45338
1.25893	1.4646
1.27057	1.4759
1.28233	1.48732
1.2942	1.49885
1.30617	1.51047
1.31826	1.52039
1.33045	1.52909
1.34276	1.53787
1.35519	1.54675
1.36773	1.5557
1.38038	1.56473
1.39316	1.57385
1.40605	1.58305
1.41906	1.59252
1.43219	1.60221
1.44544	1.61199
1.45881	1.62185
1.47231	1.63181
1.48594	1.64187
1.49968	1.65201
1.51356	1.6623
1.52757	1.67297
1.5417	1.68373
1.55597	1.69459
1.57036	1.70555
1.58489	1.71661
1.59956	1.72778
1.61436	1.73933
1.6293	1.75213
1.64437	1.76504
1.65959	1.77809
1.67494	1.79124
1.69044	1.80452
1.70608	1.81792
1.72187	1.82834
1.7378	1.83719
1.75388	1.84612
1.77011	1.85513
1.78649	1.86423
1.80302	1.87341
1.8197	1.88394
1.83654	1.89592
1.85353	1.90802
1.87068	1.92022
1.88799	1.93254
1.90546	1.94497
1.92309	1.95374
1.94089	1.96049
1.95884	1.96731
1.97697	1.97419
1.99526	1.98113
2.01372	1.98827
2.03236	1.99672
2.05116	2.00524
2.07014	2.01385
2.0893	2.02253
2.10863	2.0313
2.12814	2.04128
2.14783	2.05158
2.1677	2.06198
2.18776	2.07248
2.208	2.08307
2.22844	2.09495
2.24905	2.10722
2.26986	2.11961
2.29087	2.13211
2.31206	2.14473
2.33346	2.14958
2.35505	2.15448
2.37684	2.15942
2.39883	2.16441
2.42103	2.17091
2.44343	2.17969
2.46604	2.18855
2.48886	2.1975
2.51189	2.20653
2.53513	2.2161
2.55859	2.22578
2.58226	2.23554
2.60615	2.24539
2.63027	2.2561
2.65461	2.26717
2.67917	2.27833
2.70396	2.28961
2.72898	2.29735
2.75423	2.30328
2.77971	2.30926
2.80543	2.3153
2.83139	2.32391
2.85759	2.33356
2.88403	2.34329
2.91072	2.35312
2.93765	2.36483
2.96483	2.37678
2.99226	2.38884
3.01995	2.39974
3.04789	2.40712
3.0761	2.41457
3.10456	2.42208
3.13329	2.42223
3.16228	2.41936
3.19154	2.41646
3.22107	2.41673
3.25087	2.42542
3.28095	2.43418
3.31131	2.44303
3.34195	2.45241
3.37287	2.46189
3.40408	2.47147
3.43558	2.48336
3.46737	2.49627
3.49945	2.5093
3.53183	2.51852
3.56451	2.52492
3.59749	2.53137
3.63078	2.54152
3.66438	2.55506
3.69828	2.56871
3.7325	2.57499
3.76704	2.57537
3.80189	2.57576
3.83707	2.58094
3.87258	2.58853
3.90841	2.59619
3.94457	2.60433
3.98107	2.6126
4.01791	2.62108
4.05509	2.63066
4.09261	2.64032
4.13047	2.64713
4.16869	2.65028
4.20727	2.65346
4.2462	2.6579
4.28549	2.66263
4.32514	2.66889
4.36516	2.67898
4.40555	2.68917
4.44631	2.69349
4.48745	2.69629
4.52898	2.69683
4.57088	2.69329
4.61318	2.68971
4.65586	2.7067
4.69894	2.72432
4.74242	2.73533
4.7863	2.74272
4.83059	2.74376
4.87529	2.73364
4.9204	2.72615
4.96592	2.7366
5.01187	2.74714
5.05825	2.76197
5.10505	2.77719
5.15229	2.78698
5.19996	2.79543
5.24807	2.79898
5.29663	2.80033
5.34564	2.80009
5.39511	2.79891
5.44503	2.80088
5.49541	2.80497
5.54626	2.81274
5.59758	2.82287
5.64937	2.82952
5.70164	2.8344
5.7544	2.84078
5.80764	2.84773
5.86138	2.86199
5.91562	2.87753
5.97035	2.88267
6.0256	2.88598
6.08135	2.8809
6.13762	2.87901
6.19441	2.88217
6.25173	2.88919
6.30957	2.89856
6.36796	2.90561
6.42688	2.91149
6.48634	2.91328
6.54636	2.91325
6.60693	2.91142
6.66807	2.91091
6.72977	2.91184
6.79204	2.91704
6.85488	2.9268
6.91831	2.93952
6.98232	2.95353
7.04693	2.96305
7.11214	2.96746
7.17794	2.96612
7.24436	2.96679
7.31139	2.97084
7.37904	2.9774
7.44732	2.98019
7.51623	2.97803
7.58578	2.97172
7.65597	2.97203
7.72681	2.97935
7.7983	2.99702
7.87046	3.01194
7.94328	3.02195
8.01678	3.02482
8.09096	3.02307
8.16582	3.02222
8.24138	3.0227
8.31764	3.02497
8.3946	3.02985
8.47227	3.03576
8.55067	3.04211
8.62979	3.04833
8.70964	3.0538
8.79023	3.05814
8.87156	3.06138
8.95365	3.06343
9.03649	3.06424
9.12011	3.06379
9.2045	3.06249
9.28966	3.06166
9.37562	3.06209
9.46237	3.06366
9.54993	3.06575
9.63829	3.06782
9.72747	3.07039
9.81748	3.07582
9.90832	3.08712
10	3.10199
10.0925	3.11604
10.1859	3.12527
10.2802	3.12942
10.3753	3.1309
10.4713	3.13254
10.5682	3.13545
10.666	3.13911
10.7647	3.14267
10.8643	3.14583
10.9648	3.14882
11.0662	3.15195
11.1686	3.15529
11.272	3.1586
11.3763	3.16163
11.4815	3.16435
11.5878	3.167
11.695	3.16987
11.8032	3.17294
11.9124	3.17586
12.0226	3.17819
12.1339	3.17992
12.2462	3.18176
12.3595	3.18436
12.4738	3.18788
12.5893	3.19177
12.7057	3.19535
12.8233	3.19827
12.942	3.20073
13.0617	3.20314
13.1826	3.20568
13.3045	3.20833
13.4277	3.21101
13.5519	3.21364
13.6773	3.21619
13.8038	3.21863
13.9316	3.22099
14.0605	3.22346
14.1906	3.22622
14.3219	3.2293
14.4544	3.23235
14.5881	3.23496
14.7231	3.23697
14.8594	3.2386
14.9968	3.24036
15.1356	3.24251
15.2757	3.24495
15.417	3.24743
15.5597	3.24977
15.7036	3.252
15.8489	3.25414
15.9956	3.25627
16.1436	3.25844
16.293	3.26071
16.4437	3.26308
16.5959	3.26531
16.7494	3.26709
16.9044	3.26837
17.0608	3.2701
17.2187	3.27336
17.378	3.27904
17.5388	3.28516
17.7011	3.28907
17.8649	3.28892
18.0302	3.28627
18.197	3.28402
18.3654	3.28453
18.5353	3.28729
18.7068	3.29078
18.8799	3.29344
19.0546	3.29529
19.2309	3.29679
19.4089	3.29843
19.5884	3.30028
19.7697	3.30218
19.9526	3.30403
20.1372	3.30581
20.3236	3.30757
20.5116	3.30934
20.7014	3.31111
20.893	3.31286
21.0863	3.31456
21.2814	3.3162
21.4783	3.31782
21.677	3.31942
21.8776	3.32102
22.08	3.32264
22.2844	3.32426
22.4905	3.3259
22.6986	3.32756
22.9087	3.32922
23.1206	3.33085
23.3346	3.33238
23.5505	3.33373
23.7684	3.33497
23.9883	3.33626
24.2103	3.33776
24.4343	3.33945
24.6604	3.3412
24.8886	3.34285
25.1189	3.34437
25.3513	3.34581
25.5859	3.34722
25.8226	3.34864
26.0615	3.35005
26.3027	3.35145
26.5461	3.35283
26.7917	3.35418
27.0396	3.3555
27.2898	3.35679
27.5423	3.35808
27.7971	3.35936
28.0543	3.36065
28.3139	3.36196
28.5759	3.36327
28.8403	3.36459
29.1072	3.36589
29.3765	3.36715
29.6483	3.36835
29.9226	3.3695
30.1995	3.37061
30.4789	3.37172
30.761	3.37294
31.0456	3.37438
31.3329	3.37602
31.6228	3.37759
31.9154	3.37881
32.2107	3.37959
32.5087	3.38021
32.8095	3.38102
33.1131	3.38217
33.4195	3.38339
33.7287	3.38432
34.0408	3.38495
34.3558	3.38594
34.6737	3.38806
34.9945	3.3913
35.3183	3.39388
35.6451	3.39361
35.9749	3.38963
36.3078	3.38489
36.6438	3.38295
36.9828	3.38609
37.325	3.39187
37.6704	3.39707
38.0189	3.39942
38.3707	3.39975
38.7258	3.39961
39.0841	3.40021
39.4457	3.40136
39.8107	3.40255
40.1791	3.40339
40.5509	3.40401
40.9261	3.4047
41.3048	3.40564
41.6869	3.40676
42.0727	3.40787
42.462	3.40884
42.8548	3.40969
43.2514	3.4105
43.6516	3.41132
44.0555	3.41214
44.4631	3.41293
44.8745	3.41367
45.2898	3.41438
45.7088	3.41515
46.1318	3.41601
46.5586	3.41693
46.9894	3.41783
47.4242	3.41865
47.863	3.4194
48.3059	3.42014
48.7528	3.42091
49.204	3.42171
49.6592	3.42251
50.1187	3.42328
50.5825	3.42401
51.0505	3.42472
51.5229	3.42541
51.9996	3.42608
52.4807	3.42674
52.9663	3.4274
53.4564	3.42809
53.9511	3.42886
54.4503	3.42975
54.9541	3.43064
55.4626	3.4313
55.9758	3.43151
56.4937	3.43144
57.0164	3.43153
57.544	3.43221
58.0764	3.43342
58.6138	3.43474
59.1562	3.43573
59.7035	3.43632
60.256	3.43675
60.8135	3.43725
61.3762	3.4379
61.9441	3.43858
62.5173	3.43919
63.0957	3.43972
63.6796	3.44031
64.2688	3.44106
64.8634	3.44186
65.4636	3.44236
66.0694	3.44217
66.6807	3.44177
67.2977	3.44255
67.9204	3.44596
68.5488	3.45149
69.1831	3.45615
69.8232	3.45673
70.4693	3.45274
71.1214	3.44736
71.7794	3.44417
72.4436	3.44463
73.1139	3.44698
73.7904	3.44918
74.4732	3.45012
75.1623	3.45031
75.8578	3.45043
76.5597	3.45086
77.2681	3.45147
77.983	3.45207
78.7046	3.45256
79.4328	3.45298
80.1678	3.45339
80.9096	3.45385
81.6582	3.45432
82.4138	3.4548
83.1764	3.45527
83.946	3.45573
84.7227	3.45618
85.5067	3.45661
86.2979	3.45705
87.0964	3.4575
87.9023	3.45797
88.7156	3.45841
89.5365	3.45876
90.3649	3.45902
91.2011	3.45931
92.045	3.45982
92.8967	3.46061
93.7562	3.46149
94.6237	3.46217
95.4993	3.46244
96.3829	3.46242
97.2747	3.4623
98.1748	3.46227
99.0832	3.46255
