0.1	0
0.100925	0
0.101859	0
0.102802	0
0.103753	0
0.104713	0
0.105682	0
0.10666	0
0.107647	0
0.108643	0
0.109648	0
0.110662	0
0.111686	0
0.11272	0
0.113763	0
0.114815	0
0.115878	0
0.11695	0
0.118032	0
0.119124	0
0.120226	0
0.121339	0
0.122462	0
0.123595	0
0.124738	0
0.125893	0
0.127057	0
0.128233	0
0.12942	0
0.130617	0
0.131826	0
0.133045	0
0.134277	0
0.135519	0
0.136773	0
0.138038	0
0.139316	0
0.140605	0
0.141906	0
0.143219	0
0.144544	0
0.145881	0
0.147231	0
0.148594	0
0.149968	0
0.151356	0
0.152757	0
0.15417	0
0.155597	0
0.157036	0
0.158489	0
0.159956	0
0.161436	0
0.16293	0
0.164437	0
0.165959	0
0.167494	0
0.169044	0
0.170608	0
0.172187	0
0.17378	0
0.175388	0
0.177011	0
0.178649	0
0.180302	0
0.18197	0
0.183654	0
0.185353	0
0.187068	0
0.188799	0
0.190546	0
0.192309	0
0.194089	0
0.195884	0
0.197697	0
0.199526	0
0.201372	0
0.203236	0
0.205116	0
0.207014	0
0.20893	0
0.210863	8.95311e-06
0.212814	3.45345e-05
0.214783	6.0352e-05
0.21677	8.64055e-05
0.218776	0.000112708
0.2208	0.000139247
0.222844	0.000166048
0.224905	0.000193071
0.226986	0.000220357
0.229087	0.000247906
0.231206	0.00027569
0.233346	0.000303749
0.235505	0.000332058
0.237684	0.000360629
0.239883	0.000389462
0.242103	0.000418571
0.244343	0.000447942
0.246604	0.000477588
0.248886	0.000507509
0.251189	0.000537706
0.253513	0.000568178
0.255859	0.000598939
0.258226	0.000629975
0.260615	0.000661299
0.263027	0.000692926
0.265461	0.00072484
0.267917	0.000757043
0.270396	0.000789548
0.272898	0.000822354
0.275423	0.000855461
0.277971	0.000888871
0.280543	0.000922595
0.283139	0.000956633
0.285759	0.000990987
0.288403	0.00102565
0.291072	0.00106065
0.293765	0.00109596
0.296483	0.0011316
0.299226	0.00116757
0.301995	0.00120387
0.30479	0.00124052
0.30761	0.0012775
0.310456	0.00134214
0.313329	0.00180249
0.316228	0.00226702
0.319154	0.00273586
0.322107	0.00320904
0.325087	0.00368654
0.328095	0.00416853
0.331131	0.004655
0.334195	0.00514596
0.337287	0.00564141
0.340408	0.0061415
0.343558	0.00664624
0.346737	0.00715563
0.349945	0.00766967
0.353183	0.00818851
0.356451	0.00871216
0.359749	0.00924061
0.363078	0.00977403
0.366438	0.0103124
0.369828	0.0108556
0.37325	0.0114039
0.376704	0.0119574
0.380189	0.0125158
0.383707	0.0130795
0.387258	0.0136485
0.390841	0.0142226
0.394457	0.0148021
0.398107	0.0153869
0.401791	0.0159772
0.405509	0.016573
0.409261	0.0171742
0.413047	0.0183938
0.416869	0.0198782
0.420727	0.0213766
0.42462	0.0228885
0.428549	0.0244145
0.432514	0.0259544
0.436516	0.0275087
0.440555	0.0290774
0.444631	0.0306605
0.448745	0.0322583
0.452898	0.0338712
0.457088	0.0354986
0.461318	0.0371414
0.465586	0.038799
0.469894	0.0404722
0.474242	0.0421609
0.47863	0.0438651
0.483059	0.0455852
0.487528	0.0473209
0.49204	0.0490733
0.496592	0.0508412
0.501187	0.0526259
0.505825	0.0544272
0.510505	0.0562626
0.515229	0.0596345
0.519996	0.0630371
0.524807	0.0664711
0.529663	0.0699372
0.534564	0.0734354
0.539511	0.0769665
0.544503	0.0805297
0.549541	0.0841258
0.554626	0.0877553
0.559758	0.0914185
0.564937	0.0951151
0.570164	0.0988461
0.57544	0.102612
0.580764	0.106412
0.586138	0.110248
0.591562	0.11412
0.597035	0.118026
0.60256	0.12197
0.608135	0.125949
0.613762	0.131071
0.619441	0.137072
0.625173	0.14313
0.630957	0.149242
0.636796	0.155413
0.642688	0.161639
0.648634	0.167923
0.654636	0.174266
0.660693	0.180667
0.666807	0.187128
0.672977	0.193649
0.679204	0.200229
0.685488	0.20687
0.691831	0.213573
0.698232	0.220338
0.704693	0.227166
0.711214	0.234251
0.717794	0.243395
0.724436	0.252624
0.731139	0.261938
0.737904	0.271339
0.744732	0.280826
0.751623	0.290402
0.758578	0.300066
0.765597	0.309819
0.772681	0.319663
0.77983	0.329597
0.787046	0.339624
0.794328	0.349742
0.801678	0.359956
0.809096	0.370263
0.816582	0.382634
0.824138	0.395672
0.831764	0.40883
0.83946	0.42211
0.847227	0.435511
0.855067	0.449039
0.862979	0.462691
0.870964	0.476468
0.879023	0.490374
0.887156	0.504407
0.895365	0.518572
0.903649	0.532865
0.912011	0.54768
0.92045	0.564958
0.928966	0.582394
0.937562	0.599994
0.946237	0.617755
0.954993	0.635682
0.963829	0.653773
0.972747	0.672032
0.981748	0.690461
0.990832	0.70906
1	0.72783
1.00925	0.746769
1.01859	0.768192
1.02802	0.79032
1.03753	0.812636
1.04713	0.835163
1.05682	0.857901
1.0666	0.880851
1.07647	0.904011
1.08643	0.927383
1.09648	0.950966
1.10662	0.97476
1.11686	1.00031
1.1272	1.02726
1.13763	1.05444
1.14815	1.08186
1.15878	1.10956
1.1695	1.1375
1.18032	1.1657
1.19124	1.19416
1.20226	1.22288
1.21339	1.25264
1.22462	1.28555
1.23595	1.31875
1.24738	1.35224
1.25893	1.38609
1.27057	1.4202
1.28233	1.45466
1.2942	1.48945
1.30617	1.52453
1.31826	1.56261
1.33045	1.6029
1.34276	1.64358
1.35519	1.68466
1.36773	1.72611
1.38038	1.76792
1.39316	1.81015
1.40605	1.85275
1.41906	1.89857
1.43219	1.94672
1.44544	1.9953
1.45881	2.04432
1.47231	2.09382
1.48594	2.1438
1.49968	2.19418
1.51356	2.2458
1.52757	2.30178
1.5417	2.35823
1.55597	2.41525
1.57036	2.47275
1.58489	2.5308
1.59956	2.58942
1.61436	2.64949
1.6293	2.71395
1.64437	2.77898
1.65959	2.84466
1.67494	2.91089
1.69044	2.97778
1.70608	3.04527
1.72187	3.11665
1.7378	3.19039
1.75388	3.26483
1.77011	3.33996
1.78649	3.41579
1.80302	3.49231
1.8197	3.57187
1.83654	3.65471
1.85353	3.73829
1.87068	3.82265
1.88799	3.9078
1.90546	3.99374
1.92309	4.0835
1.94089	4.17582
1.95884	4.26892
1.97697	4.36295
1.99526	4.45782
2.01372	4.55408
2.03236	4.65585
2.05116	4.7585
2.07014	4.86213
2.0893	4.96674
2.10863	5.07228
2.12814	5.18296
2.14783	5.2955
2.1677	5.40907
2.18776	5.52372
2.208	5.63941
2.22844	5.7601
2.24905	5.88274
2.26986	6.00657
2.29087	6.13159
2.31206	6.25768
2.33346	6.38988
2.35505	6.52325
2.37684	6.65786
2.39883	6.7937
2.42103	6.93288
2.44343	7.0764
2.46604	7.22126
2.48886	7.36748
2.51189	7.51503
2.53513	7.66913
2.55859	7.82477
2.58226	7.98181
2.60615	8.1403
2.63027	8.30392
2.65461	8.47028
2.67917	8.63814
2.70396	8.80758
2.72898	8.98154
2.75423	9.15862
2.77971	9.33732
2.80543	9.5177
2.83139	9.70312
2.85759	9.89153
2.88403	10.0817
2.91072	10.2736
2.93765	10.4717
2.96483	10.6719
2.99226	10.874
3.01995	11.0793
3.04789	11.2899
3.0761	11.5025
3.10456	11.7171
3.13329	11.9369
3.16228	12.1601
3.19154	12.3853
3.22107	12.6139
3.25087	12.8476
3.28095	13.0836
3.31131	13.3217
3.34195	13.5659
3.37287	13.8125
3.40408	14.0614
3.43558	14.3157
3.46737	14.5734
3.49945	14.8336
3.53183	15.0987
3.56451	15.3681
3.59749	15.64
3.63078	15.9167
3.66438	16.1981
3.69828	16.482
3.7325	16.7709
3.76704	17.0643
3.80189	17.3604
3.83707	17.6618
3.87258	17.9672
3.90841	18.2755
3.94457	18.5897
3.98107	18.9074
4.01791	19.2284
4.05509	19.5555
4.09261	19.8855
4.13047	20.22
4.16869	20.5596
4.20727	20.9024
4.2462	21.2511
4.28549	21.6036
4.32514	21.9604
4.36516	22.3229
4.40555	22.6888
4.44631	23.0609
4.48745	23.4371
4.52898	23.8182
4.57088	24.2047
4.61318	24.595
4.65586	24.9918
4.69894	25.3924
4.74242	25.7986
4.7863	26.2095
4.83059	26.6253
4.87529	27.0467
4.9204	27.4724
4.96592	27.9043
5.01187	28.3404
5.05825	28.7831
5.10505	29.23
5.15229	29.6833
5.19996	30.1414
5.24807	30.6055
5.29663	31.0748
5.34564	31.5502
5.39511	32.031
5.44503	32.5178
5.49541	33.0101
5.54626	33.5087
5.59758	34.0128
5.64937	34.5233
5.70164	35.0392
5.7544	35.5619
5.80764	36.0898
5.86138	36.6248
5.91562	37.1651
5.97035	37.7126
6.0256	38.2657
6.08135	38.8256
6.13762	39.3918
6.19441	39.9645
6.25173	40.5441
6.30957	41.1297
6.36796	41.723
6.42688	42.3223
6.48634	42.9289
6.54636	43.5423
6.60693	44.1624
6.66807	44.7902
6.72977	45.4245
6.79204	46.0664
6.85488	46.7153
6.91831	47.3712
6.98232	48.0349
7.04693	48.7056
7.11214	49.3835
7.17794	50.0691
7.24436	50.7619
7.31139	51.462
7.37904	52.17
7.44732	52.8855
7.51623	53.6084
7.58578	54.3397
7.65597	55.0787
7.72681	55.8256
7.7983	56.5808
7.87046	57.3443
7.94328	58.1158
8.01678	58.8956
8.09096	59.6842
8.16582	60.4809
8.24138	61.2861
8.31764	62.0996
8.3946	62.9219
8.47227	63.7528
8.55067	64.5924
8.62979	65.4407
8.70964	66.298
8.79023	67.1646
8.87156	68.0403
8.95365	68.9253
9.03649	69.8197
9.12011	70.7237
9.2045	71.6374
9.28966	72.5606
9.37562	73.4935
9.46237	74.4359
9.54993	75.3881
9.63829	76.3498
9.72747	77.3213
9.81748	78.3027
9.90832	79.2942
10	80.2959
10.0925	81.3076
10.1859	82.3303
10.2802	83.3641
10.3753	84.408
10.4713	85.4631
10.5682	86.5293
10.666	87.6065
10.7647	88.6947
10.8643	89.7937
10.9648	90.9034
11.0662	92.0238
11.1686	93.1558
11.272	94.2995
11.3763	95.4538
11.4815	96.6188
11.5878	97.7969
11.695	98.986
11.8032	100.187
11.9124	101.401
12.0226	102.627
12.1339	103.866
12.2462	105.118
12.3595	106.382
12.4738	107.658
12.5893	108.949
12.7057	110.25
12.8233	111.566
12.942	112.895
13.0617	114.236
13.1826	115.592
13.3045	116.959
13.4277	118.342
13.5519	119.737
13.6773	121.146
13.8038	122.569
13.9316	124.007
14.0605	125.459
14.1906	126.925
14.3219	128.406
14.4544	129.902
14.5881	131.412
14.7231	132.938
14.8594	134.479
14.9968	136.034
15.1356	137.606
15.2757	139.193
15.417	140.795
15.5597	142.413
15.7036	144.045
15.8489	145.694
15.9956	147.359
16.1436	149.04
16.293	150.736
16.4437	152.449
16.5959	154.179
16.7494	155.925
16.9044	157.689
17.0608	159.47
17.2187	161.269
17.378	163.086
17.5388	164.92
17.7011	166.772
17.8649	168.643
18.0302	170.531
18.197	172.437
18.3654	174.362
18.5353	176.304
18.7068	178.266
18.8799	180.247
19.0546	182.247
19.2309	184.266
19.4089	186.305
19.5884	188.363
19.7697	190.443
19.9526	192.542
20.1372	194.661
20.3236	196.802
20.5116	198.963
20.7014	201.144
20.893	203.347
21.0863	205.57
21.2814	207.814
21.4783	210.079
21.677	212.366
21.8776	214.675
22.08	217.005
22.2844	219.36
22.4905	221.734
22.6986	224.133
22.9087	226.556
23.1206	229
23.3346	231.469
23.5505	233.961
23.7684	236.477
23.9883	239.016
24.2103	241.581
24.4343	244.168
24.6604	246.781
24.8886	249.419
25.1189	252.081
25.3513	254.769
25.5859	257.483
25.8226	260.222
26.0615	262.987
26.3027	265.78
26.5461	268.6
26.7917	271.445
27.0396	274.318
27.2898	277.219
27.5423	280.146
27.7971	283.101
28.0543	286.085
28.3139	289.096
28.5759	292.137
28.8403	295.205
29.1072	298.303
29.3765	301.43
29.6483	304.586
29.9226	307.773
30.1995	310.99
30.4789	314.237
30.761	317.515
31.0456	320.824
31.3329	324.165
31.6228	327.536
31.9154	330.94
32.2107	334.376
32.5087	337.844
32.8095	341.345
33.1131	344.879
33.4195	348.446
33.7287	352.047
34.0408	355.682
34.3558	359.351
34.6737	363.054
34.9945	366.792
35.3183	370.565
35.6451	374.374
35.9749	378.218
36.3078	382.099
36.6438	386.016
36.9828	389.968
37.325	393.959
37.6704	397.987
38.0189	402.052
38.3707	406.156
38.7258	410.3
39.0841	414.482
39.4457	418.704
39.8107	422.968
40.1791	427.272
40.5509	431.618
40.9261	436.004
41.3048	440.432
41.6869	444.9
42.0727	449.41
42.462	453.961
42.8548	458.552
43.2514	463.186
43.6516	467.861
44.0555	472.579
44.4631	477.341
44.8745	482.147
45.2898	486.999
45.7088	491.896
46.1318	496.842
46.5586	501.833
46.9894	506.872
47.4242	511.96
47.863	517.095
48.3059	522.279
48.7528	527.511
49.204	532.793
49.6592	538.122
50.1187	543.502
50.5825	548.932
51.0505	554.411
51.5229	559.943
51.9996	565.525
52.4807	571.159
52.9663	576.846
53.4564	582.586
53.9511	588.381
54.4503	594.228
54.9541	600.13
55.4626	606.088
55.9758	612.1
56.4937	618.169
57.0164	624.294
57.544	630.477
58.0764	636.717
58.6138	643.015
59.1562	649.372
59.7035	655.787
60.256	662.263
60.8135	668.798
61.3762	675.393
61.9441	682.05
62.5173	688.769
63.0957	695.549
63.6796	702.394
64.2688	709.301
64.8634	716.272
65.4636	723.31
66.0694	730.414
66.6807	737.582
67.2977	744.818
67.9204	752.122
68.5488	759.492
69.1831	766.931
69.8232	774.438
70.4693	782.014
71.1214	789.662
71.7794	797.378
72.4436	805.167
73.1139	813.028
73.7904	820.962
74.4732	828.972
75.1623	837.056
75.8578	845.217
76.5597	853.454
77.2681	861.769
77.983	870.159
78.7046	878.628
79.4328	887.174
80.1678	895.798
80.9096	904.5
81.6582	913.28
82.4138	922.141
83.1764	931.082
83.946	940.104
84.7227	949.209
85.5067	958.399
86.2979	967.674
87.0964	977.035
87.9023	986.483
88.7156	996.019
89.5365	1005.64
90.3649	1015.36
91.2011	1025.16
92.045	1035.06
92.8967	1045.04
93.7562	1055.12
94.6237	1065.29
95.4993	1075.56
96.3829	1085.92
97.2747	1096.37
98.1748	1106.93
99.0832	1117.58
