0.1	0
0.100925	0
0.101859	0
0.102802	0
0.103753	0
0.104713	0
0.105682	0
0.10666	0
0.107647	0
0.108643	0
0.109648	0
0.110662	1.00433e-06
0.111686	2.80257e-06
0.11272	4.61837e-06
0.113763	6.44998e-06
0.114815	8.29739e-06
0.115878	1.01641e-05
0.11695	1.20466e-05
0.118032	1.39467e-05
0.119124	1.58644e-05
0.120226	1.77996e-05
0.121339	1.97541e-05
0.122462	2.17262e-05
0.123595	2.37159e-05
0.124738	2.57231e-05
0.125893	2.77514e-05
0.127057	2.97955e-05
0.128233	3.18607e-05
0.12942	3.39451e-05
0.130617	3.60472e-05
0.131826	3.81703e-05
0.133045	4.0311e-05
0.134277	4.24745e-05
0.135519	4.46556e-05
0.136773	4.68577e-05
0.138038	4.90792e-05
0.139316	5.13234e-05
0.140605	5.35871e-05
0.141906	5.58717e-05
0.143219	5.81775e-05
0.144544	6.05043e-05
0.145881	6.28522e-05
0.147231	6.52229e-05
0.148594	6.76165e-05
0.149968	7.00294e-05
0.151356	7.24668e-05
0.152757	7.49271e-05
0.15417	7.74085e-05
0.155597	7.99144e-05
0.157036	8.24414e-05
0.158489	8.4993e-05
0.159956	8.75692e-05
0.161436	9.01682e-05
0.16293	9.27919e-05
0.164437	9.54383e-05
0.165959	9.81111e-05
0.167494	0.000100807
0.169044	0.000103529
0.170608	0.000106275
0.172187	0.000109048
0.17378	0.000111845
0.175388	0.000114669
0.177011	0.000117519
0.178649	0.000120396
0.180302	0.000123299
0.18197	0.000126228
0.183654	0.000129185
0.185353	0.000132169
0.187068	0.00013518
0.188799	0.00013822
0.190546	0.000141288
0.192309	0.000144384
0.194089	0.00014751
0.195884	0.000150662
0.197697	0.000153846
0.199526	0.000157058
0.201372	0.0001603
0.203236	0.000163573
0.205116	0.000166874
0.207014	0.000170208
0.20893	0.000173572
0.210863	0.000269386
0.212814	0.000536879
0.214783	0.000806839
0.21677	0.00107927
0.218776	0.0013543
0.2208	0.0016318
0.222844	0.00191205
0.224905	0.00219462
0.226986	0.00247994
0.229087	0.00276799
0.231206	0.00305852
0.233346	0.00335193
0.235505	0.00364794
0.237684	0.00394669
0.239883	0.00424818
0.242103	0.00455256
0.244343	0.00485967
0.246604	0.00516967
0.248886	0.00548254
0.251189	0.0057983
0.253513	0.00611693
0.255859	0.00643858
0.258226	0.00676311
0.260615	0.00709065
0.263027	0.00742135
0.265461	0.00775507
0.267917	0.0080918
0.270396	0.00843168
0.272898	0.00877472
0.275423	0.00912091
0.277971	0.00947025
0.280543	0.00982289
0.283139	0.0101788
0.285759	0.010538
0.288403	0.0109005
0.291072	0.0112665
0.293765	0.0116357
0.296483	0.0120083
0.299226	0.0123844
0.301995	0.0127641
0.30479	0.0131473
0.30761	0.0135339
0.310456	0.0141292
0.313329	0.0176953
0.316228	0.0212937
0.319154	0.0249257
0.322107	0.0285911
0.325087	0.03229
0.328095	0.0360237
0.331131	0.0397922
0.334195	0.0435954
0.337287	0.0474334
0.340408	0.0513074
0.343558	0.0552173
0.346737	0.0591633
0.349945	0.0631452
0.353183	0.0671644
0.356451	0.0712209
0.359749	0.0753145
0.363078	0.0794467
0.366438	0.0836173
0.369828	0.0878252
0.37325	0.0920727
0.376704	0.0963601
0.380189	0.100686
0.383707	0.105053
0.387258	0.10946
0.390841	0.113908
0.394457	0.118396
0.398107	0.122927
0.401791	0.127499
0.405509	0.132114
0.409261	0.136772
0.413047	0.145621
0.416869	0.156269
0.420727	0.167018
0.42462	0.177864
0.428549	0.18881
0.432514	0.199857
0.436516	0.211006
0.440555	0.222259
0.444631	0.233615
0.448745	0.245076
0.452898	0.256647
0.457088	0.26832
0.461318	0.280105
0.465586	0.291995
0.469894	0.303998
0.474242	0.316111
0.47863	0.328336
0.483059	0.340675
0.487528	0.353126
0.49204	0.365697
0.496592	0.378378
0.501187	0.39118
0.505825	0.404102
0.510505	0.417208
0.515229	0.436265
0.519996	0.455495
0.524807	0.474903
0.529663	0.494492
0.534564	0.514262
0.539511	0.534218
0.544503	0.554356
0.549541	0.574679
0.554626	0.595192
0.559758	0.615895
0.564937	0.636787
0.570164	0.657873
0.57544	0.679156
0.580764	0.700633
0.586138	0.722312
0.591562	0.744192
0.597035	0.76627
0.60256	0.788558
0.608135	0.811048
0.613762	0.837214
0.619441	0.866236
0.625173	0.895529
0.630957	0.925088
0.636796	0.954928
0.642688	0.985038
0.648634	1.01542
0.654636	1.0461
0.660693	1.07705
0.666807	1.1083
0.672977	1.13983
0.679204	1.17165
0.685488	1.20376
0.691831	1.23618
0.698232	1.26889
0.704693	1.30191
0.711214	1.33586
0.717794	1.37655
0.724436	1.41762
0.731139	1.45907
0.737904	1.5009
0.744732	1.54312
0.751623	1.58574
0.758578	1.62874
0.765597	1.67215
0.772681	1.71595
0.77983	1.76016
0.787046	1.80478
0.794328	1.84981
0.801678	1.89526
0.809096	1.94113
0.816582	1.99334
0.824138	2.0477
0.831764	2.10257
0.83946	2.15794
0.847227	2.21382
0.855067	2.27022
0.862979	2.32714
0.870964	2.38459
0.879023	2.44257
0.887156	2.50108
0.895365	2.56014
0.903649	2.61974
0.912011	2.68081
0.92045	2.74797
0.928966	2.81574
0.937562	2.88415
0.946237	2.95319
0.954993	3.02287
0.963829	3.09318
0.972747	3.16415
0.981748	3.23578
0.990832	3.30807
1	3.38103
1.00925	3.45464
1.01859	3.5334
1.02802	3.61388
1.03753	3.69504
1.04713	3.77696
1.05682	3.85966
1.0666	3.94312
1.07647	4.02736
1.08643	4.11236
1.09648	4.19812
1.10662	4.28466
1.11686	4.37357
1.1272	4.46449
1.13763	4.55621
1.14815	4.64872
1.15878	4.74219
1.1695	4.83646
1.18032	4.9316
1.19124	5.02763
1.20226	5.12453
1.21339	5.22237
1.22462	5.32096
1.23595	5.42043
1.24738	5.52078
1.25893	5.62218
1.27057	5.72437
1.28233	5.82761
1.2942	5.93182
1.30617	6.03691
1.31826	6.14224
1.33045	6.24788
1.34276	6.35455
1.35519	6.46227
1.36773	6.57093
1.38038	6.68055
1.39316	6.7913
1.40605	6.903
1.41906	7.01444
1.43219	7.12603
1.44544	7.23864
1.45881	7.35227
1.47231	7.467
1.48594	7.58284
1.49968	7.69961
1.51356	7.81713
1.52757	7.93338
1.5417	8.05063
1.55597	8.16904
1.57036	8.28845
1.58489	8.40902
1.59956	8.53075
1.61436	8.65289
1.6293	8.77348
1.64437	8.89512
1.65959	9.01798
1.67494	9.14188
1.69044	9.26699
1.70608	9.39323
1.72187	9.51819
1.7378	9.64292
1.75388	9.76884
1.77011	9.89592
1.78649	10.0242
1.80302	10.1536
1.8197	10.2822
1.83654	10.4099
1.85353	10.5386
1.87068	10.6686
1.88799	10.7998
1.90546	10.9323
1.92309	11.063
1.94089	11.1934
1.95884	11.3249
1.97697	11.4577
1.99526	11.5917
2.01372	11.7265
2.03236	11.8583
2.05116	11.9913
2.07014	12.1256
2.0893	12.2611
2.10863	12.3979
2.12814	12.5318
2.14783	12.6662
2.1677	12.8018
2.18776	12.9387
2.208	13.0768
2.22844	13.2123
2.24905	13.348
2.26986	13.485
2.29087	13.6232
2.31206	13.7627
2.33346	13.8985
2.35505	14.0356
2.37684	14.1739
2.39883	14.3134
2.42103	14.4523
2.44343	14.5894
2.46604	14.7277
2.48886	14.8674
2.51189	15.0083
2.53513	15.1455
2.55859	15.2839
2.58226	15.4236
2.60615	15.5646
2.63027	15.7031
2.65461	15.8417
2.67917	15.9814
2.70396	16.1225
2.72898	16.2616
2.75423	16.4002
2.77971	16.54
2.80543	16.6812
2.83139	16.8201
2.85759	16.9589
2.88403	17.099
2.91072	17.2404
2.93765	17.3785
2.96483	17.5175
2.99226	17.6578
3.01995	17.7981
3.04789	17.9361
3.0761	18.0754
3.10456	18.216
3.13329	18.3544
3.16228	18.4927
3.19154	18.6324
3.22107	18.7719
3.25087	18.9094
3.28095	19.0481
3.31131	19.1881
3.34195	19.325
3.37287	19.4629
3.40408	19.6021
3.43558	19.7393
3.46737	19.8764
3.49945	20.0148
3.53183	20.1519
3.56451	20.2883
3.59749	20.426
3.63078	20.5627
3.66438	20.6985
3.69828	20.8355
3.7325	20.9714
3.76704	21.1066
3.80189	21.2431
3.83707	21.378
3.87258	21.5127
3.90841	21.6487
3.94457	21.7823
3.98107	21.9166
4.01791	22.0517
4.05509	22.1843
4.09261	22.3182
4.13047	22.4516
4.16869	22.5839
4.20727	22.7175
4.2462	22.849
4.28549	22.981
4.32514	23.1132
4.36516	23.2438
4.40555	23.3757
4.44631	23.5057
4.48745	23.6362
4.52898	23.7666
4.57088	23.8957
4.61318	24.0261
4.65586	24.1541
4.69894	24.2832
4.74242	24.4112
4.7863	24.5391
4.83059	24.6669
4.87529	24.7936
4.9204	24.9211
4.96592	25.0468
5.01187	25.1736
5.05825	25.2985
5.10505	25.4243
5.15229	25.5486
5.19996	25.6735
5.24807	25.7972
5.29663	25.9211
5.34564	26.0441
5.39511	26.1671
5.44503	26.2894
5.49541	26.4115
5.54626	26.5329
5.59758	26.6543
5.64937	26.7747
5.70164	26.8953
5.7544	27.0149
5.80764	27.1347
5.86138	27.2532
5.91562	27.3724
5.97035	27.4899
6.0256	27.608
6.08135	27.7248
6.13762	27.8417
6.19441	27.958
6.25173	28.0737
6.30957	28.1895
6.36796	28.304
6.42688	28.4188
6.48634	28.5326
6.54636	28.6461
6.60693	28.7595
6.66807	28.8718
6.72977	28.9842
6.79204	29.0958
6.85488	29.2069
6.91831	29.318
6.98232	29.4279
7.04693	29.5377
7.11214	29.6473
7.17794	29.7557
7.24436	29.8642
7.31139	29.9723
7.37904	30.0794
7.44732	30.1863
7.51623	30.2931
7.58578	30.3987
7.65597	30.5041
7.72681	30.6092
7.7983	30.7136
7.87046	30.8175
7.94328	30.921
8.01678	31.0243
8.09096	31.1266
8.16582	31.2285
8.24138	31.3301
8.31764	31.4314
8.3946	31.5318
8.47227	31.6317
8.55067	31.7313
8.62979	31.8305
8.70964	31.9291
8.79023	32.0271
8.87156	32.1246
8.95365	32.2218
9.03649	32.3185
9.12011	32.4147
9.2045	32.5103
9.28966	32.6053
9.37562	32.6999
9.46237	32.794
9.54993	32.8877
9.63829	32.9809
9.72747	33.0737
9.81748	33.1659
9.90832	33.2575
10	33.3487
10.0925	33.4394
10.1859	33.5296
10.2802	33.6194
10.3753	33.7086
10.4713	33.7973
10.5682	33.8856
10.666	33.9734
10.7647	34.0607
10.8643	34.1475
10.9648	34.2339
11.0662	34.3197
11.1686	34.405
11.272	34.49
11.3763	34.5744
11.4815	34.6583
11.5878	34.7418
11.695	34.8247
11.8032	34.9072
11.9124	34.9893
12.0226	35.0708
12.1339	35.1519
12.2462	35.2325
12.3595	35.3126
12.4738	35.3922
12.5893	35.4714
12.7057	35.5501
12.8233	35.6284
12.942	35.7062
13.0617	35.7834
13.1826	35.8603
13.3045	35.9367
13.4277	36.0127
13.5519	36.0881
13.6773	36.1632
13.8038	36.2377
13.9316	36.3119
14.0605	36.3855
14.1906	36.4587
14.3219	36.5315
14.4544	36.6037
14.5881	36.6755
14.7231	36.747
14.8594	36.818
14.9968	36.8885
15.1356	36.9586
15.2757	37.0282
15.417	37.0974
15.5597	37.1662
15.7036	37.2345
15.8489	37.3024
15.9956	37.3698
16.1436	37.4369
16.293	37.5035
16.4437	37.5697
16.5959	37.6354
16.7494	37.7007
16.9044	37.7656
17.0608	37.8301
17.2187	37.8942
17.378	37.9578
17.5388	38.0211
17.7011	38.0839
17.8649	38.1463
18.0302	38.2083
18.197	38.2699
18.3654	38.331
18.5353	38.3918
18.7068	38.4522
18.8799	38.5122
19.0546	38.5717
19.2309	38.6309
19.4089	38.6897
19.5884	38.748
19.7697	38.8061
19.9526	38.8637
20.1372	38.9209
20.3236	38.9777
20.5116	39.0342
20.7014	39.0902
20.893	39.1459
21.0863	39.2012
21.2814	39.2561
21.4783	39.3106
21.677	39.3648
21.8776	39.4186
22.08	39.472
22.2844	39.5251
22.4905	39.5778
22.6986	39.6301
22.9087	39.6821
23.1206	39.7337
23.3346	39.785
23.5505	39.8359
23.7684	39.8864
23.9883	39.9366
24.2103	39.9864
24.4343	40.0359
24.6604	40.085
24.8886	40.1338
25.1189	40.1823
25.3513	40.2304
25.5859	40.2781
25.8226	40.3255
26.0615	40.3726
26.3027	40.4194
26.5461	40.4658
26.7917	40.5119
27.0396	40.5576
27.2898	40.6031
27.5423	40.6482
27.7971	40.6929
28.0543	40.7374
28.3139	40.7815
28.5759	40.8254
28.8403	40.8689
29.1072	40.912
29.3765	40.9549
29.6483	40.9975
29.9226	41.0397
30.1995	41.0817
30.4789	41.1233
30.761	41.1647
31.0456	41.2057
31.3329	41.2465
31.6228	41.2869
31.9154	41.3271
32.2107	41.3669
32.5087	41.4064
32.8095	41.4457
33.1131	41.4847
33.4195	41.5234
33.7287	41.5618
34.0408	41.5999
34.3558	41.6378
34.6737	41.6753
34.9945	41.7126
35.3183	41.7496
35.6451	41.7863
35.9749	41.8228
36.3078	41.8589
36.6438	41.8949
36.9828	41.9305
37.325	41.9659
37.6704	42.001
38.0189	42.0358
38.3707	42.0704
38.7258	42.1048
39.0841	42.1388
39.4457	42.1726
39.8107	42.2062
40.1791	42.2395
40.5509	42.2725
40.9261	42.3053
41.3048	42.3379
41.6869	42.3702
42.0727	42.4023
42.462	42.4341
42.8548	42.4656
43.2514	42.497
43.6516	42.5281
44.0555	42.5589
44.4631	42.5895
44.8745	42.6199
45.2898	42.6501
45.7088	42.68
46.1318	42.7097
46.5586	42.7392
46.9894	42.7684
47.4242	42.7974
47.863	42.8262
48.3059	42.8548
48.7528	42.8832
49.204	42.9113
49.6592	42.9392
50.1187	42.9669
50.5825	42.9944
51.0505	43.0217
51.5229	43.0487
51.9996	43.0756
52.4807	43.1022
52.9663	43.1287
53.4564	43.1549
53.9511	43.1809
54.4503	43.2067
54.9541	43.2324
55.4626	43.2578
55.9758	43.283
56.4937	43.3081
57.0164	43.3329
57.544	43.3575
58.0764	43.382
58.6138	43.4062
59.1562	43.4303
59.7035	43.4542
60.256	43.4778
60.8135	43.5013
61.3762	43.5247
61.9441	43.5478
62.5173	43.5708
63.0957	43.5935
63.6796	43.6161
64.2688	43.6385
64.8634	43.6608
65.4636	43.6828
66.0694	43.7047
66.6807	43.7264
67.2977	43.748
67.9204	43.7693
68.5488	43.7905
69.1831	43.8116
69.8232	43.8324
70.4693	43.8531
71.1214	43.8737
71.7794	43.894
72.4436	43.9142
73.1139	43.9343
73.7904	43.9542
74.4732	43.9739
75.1623	43.9935
75.8578	44.0129
76.5597	44.0322
77.2681	44.0513
77.983	44.0702
78.7046	44.089
79.4328	44.1077
80.1678	44.1262
80.9096	44.1445
81.6582	44.1627
82.4138	44.1808
83.1764	44.1987
83.946	44.2165
84.7227	44.2341
85.5067	44.2516
86.2979	44.2689
87.0964	44.2862
87.9023	44.3032
88.7156	44.3201
89.5365	44.3369
90.3649	44.3536
91.2011	44.3701
92.045	44.3865
92.8967	44.4028
93.7562	44.4189
94.6237	44.4349
95.4993	44.4508
96.3829	44.4665
97.2747	44.4821
98.1748	44.4976
99.0832	44.5129
