0.1	0
0.100925	0
0.101859	0
0.102802	0
0.103753	0
0.104713	0
0.105682	0
0.10666	0
0.107647	0
0.108643	0
0.109648	0
0.110662	0
0.111686	0
0.11272	0
0.113763	0
0.114815	0
0.115878	0
0.11695	0
0.118032	0
0.119124	0
0.120226	0
0.121339	0
0.122462	0
0.123595	0
0.124738	0
0.125893	0
0.127057	0
0.128233	0
0.12942	0
0.130617	0
0.131826	0
0.133045	0
0.134277	0
0.135519	0
0.136773	0
0.138038	0
0.139316	0
0.140605	0
0.141906	0
0.143219	0
0.144544	0
0.145881	0
0.147231	0
0.148594	0
0.149968	0
0.151356	0
0.152757	0
0.15417	0
0.155597	0
0.157036	0
0.158489	0
0.159956	0
0.161436	0
0.16293	0
0.164437	0
0.165959	0
0.167494	0
0.169044	0
0.170608	0
0.172187	0
0.17378	0
0.175388	0
0.177011	0
0.178649	0
0.180302	0
0.18197	0
0.183654	0
0.185353	0
0.187068	0
0.188799	0
0.190546	0
0.192309	0
0.194089	0
0.195884	0
0.197697	0
0.199526	0
0.201372	0
0.203236	0
0.205116	0
0.207014	0
0.20893	0
0.210863	2.72963e-05
0.212814	0.000105289
0.214783	0.000184001
0.21677	0.000263433
0.218776	0.000343625
0.2208	0.000424536
0.222844	0.000506246
0.224905	0.000588636
0.226986	0.000671826
0.229087	0.000755815
0.231206	0.000840524
0.233346	0.000926072
0.235505	0.00101238
0.237684	0.00109949
0.239883	0.00118739
0.242103	0.00127614
0.244343	0.00136569
0.246604	0.00145607
0.248886	0.0015473
0.251189	0.00163936
0.253513	0.00173226
0.255859	0.00182605
0.258226	0.00192067
0.260615	0.00201617
0.263027	0.00211259
0.265461	0.00220989
0.267917	0.00230807
0.270396	0.00240717
0.272898	0.00250719
0.275423	0.00260813
0.277971	0.00270999
0.280543	0.00281281
0.283139	0.00291659
0.285759	0.00302132
0.288403	0.00312702
0.291072	0.00323371
0.293765	0.00334137
0.296483	0.00345002
0.299226	0.00355968
0.301995	0.00367037
0.30479	0.0037821
0.30761	0.00389483
0.310456	0.00413348
0.313329	0.00617992
0.316228	0.00824488
0.319154	0.0103291
0.322107	0.0124325
0.325087	0.0145552
0.328095	0.0166978
0.331131	0.0188603
0.334195	0.0210428
0.337287	0.0232452
0.340408	0.0254683
0.343558	0.0277121
0.346737	0.0299765
0.349945	0.0322615
0.353183	0.034568
0.356451	0.0368958
0.359749	0.039245
0.363078	0.0416162
0.366438	0.0440095
0.369828	0.0464242
0.37325	0.0488617
0.376704	0.051322
0.380189	0.0538044
0.383707	0.0563103
0.387258	0.0588397
0.390841	0.0613918
0.394457	0.0639675
0.398107	0.0665674
0.401791	0.0691915
0.405509	0.0718399
0.409261	0.0745124
0.413047	0.0806292
0.416869	0.0882169
0.420727	0.0958761
0.42462	0.103605
0.428549	0.111405
0.432514	0.119277
0.436516	0.127222
0.440555	0.13524
0.444631	0.143332
0.448745	0.1515
0.452898	0.159744
0.457088	0.168063
0.461318	0.17646
0.465586	0.184934
0.469894	0.193486
0.474242	0.202118
0.47863	0.21083
0.483059	0.219622
0.487528	0.228495
0.49204	0.237452
0.496592	0.246489
0.501187	0.255611
0.505825	0.264819
0.510505	0.274188
0.515229	0.290348
0.519996	0.306655
0.524807	0.323112
0.529663	0.339723
0.534564	0.356488
0.539511	0.373411
0.544503	0.390487
0.549541	0.407721
0.554626	0.425115
0.559758	0.44267
0.564937	0.460386
0.570164	0.478267
0.57544	0.496314
0.580764	0.514527
0.586138	0.53291
0.591562	0.551464
0.597035	0.570185
0.60256	0.589085
0.608135	0.608156
0.613762	0.631776
0.619441	0.658909
0.625173	0.686296
0.630957	0.71393
0.636796	0.741828
0.642688	0.769979
0.648634	0.798388
0.654636	0.827064
0.660693	0.856003
0.666807	0.885215
0.672977	0.914694
0.679204	0.944446
0.685488	0.974469
0.691831	1.00478
0.698232	1.03536
0.704693	1.06623
0.711214	1.09809
0.717794	1.13744
0.724436	1.17716
0.731139	1.21725
0.737904	1.25771
0.744732	1.29854
0.751623	1.33975
0.758578	1.38135
0.765597	1.42333
0.772681	1.46569
0.77983	1.50845
0.787046	1.5516
0.794328	1.59515
0.801678	1.63911
0.809096	1.68347
0.816582	1.73488
0.824138	1.78861
0.831764	1.84285
0.83946	1.89759
0.847227	1.95283
0.855067	2.00859
0.862979	2.06486
0.870964	2.12165
0.879023	2.17896
0.887156	2.23681
0.895365	2.29519
0.903649	2.35411
0.912011	2.41479
0.92045	2.48333
0.928966	2.55249
0.937562	2.6223
0.946237	2.69275
0.954993	2.76387
0.963829	2.83563
0.972747	2.90805
0.981748	2.98115
0.990832	3.05493
1	3.12939
1.00925	3.20451
1.01859	3.28732
1.02802	3.37244
1.03753	3.45829
1.04713	3.54494
1.05682	3.63241
1.0666	3.72069
1.07647	3.80978
1.08643	3.89969
1.09648	3.9904
1.10662	4.08193
1.11686	4.17997
1.1272	4.28319
1.13763	4.3873
1.14815	4.49231
1.15878	4.59842
1.1695	4.70543
1.18032	4.81343
1.19124	4.92244
1.20226	5.03244
1.21339	5.14638
1.22462	5.27229
1.23595	5.39932
1.24738	5.52747
1.25893	5.65697
1.27057	5.78747
1.28233	5.91933
1.2942	6.05241
1.30617	6.18662
1.31826	6.33381
1.33045	6.4905
1.34276	6.64873
1.35519	6.8085
1.36773	6.96969
1.38038	7.13229
1.39316	7.29656
1.40605	7.46225
1.41906	7.64295
1.43219	7.83439
1.44544	8.02759
1.45881	8.22254
1.47231	8.41938
1.48594	8.61812
1.49968	8.81846
1.51356	9.02452
1.52757	9.25213
1.5417	9.48168
1.55597	9.71352
1.57036	9.9473
1.58489	10.1834
1.59956	10.4217
1.61436	10.6665
1.6293	10.9317
1.64437	11.1992
1.65959	11.4694
1.67494	11.7419
1.69044	12.0171
1.70608	12.2947
1.72187	12.589
1.7378	12.8935
1.75388	13.2008
1.77011	13.5109
1.78649	13.824
1.80302	14.1399
1.8197	14.4684
1.83654	14.8106
1.85353	15.1559
1.87068	15.5044
1.88799	15.8561
1.90546	16.2112
1.92309	16.5807
1.94089	16.96
1.95884	17.3425
1.97697	17.7289
1.99526	18.1187
2.01372	18.5135
2.03236	18.9248
2.05116	19.3397
2.07014	19.7585
2.0893	20.1813
2.10863	20.6078
2.12814	21.0503
2.14783	21.4993
2.1677	21.9524
2.18776	22.4098
2.208	22.8714
2.22844	23.3483
2.24905	23.8319
2.26986	24.3202
2.29087	24.8131
2.31206	25.3103
2.33346	25.8228
2.35505	26.34
2.37684	26.8619
2.39883	27.3885
2.42103	27.924
2.44343	28.4699
2.46604	29.0209
2.48886	29.577
2.51189	30.1382
2.53513	30.7134
2.55859	31.2942
2.58226	31.8802
2.60615	32.4716
2.63027	33.0753
2.65461	33.6866
2.67917	34.3036
2.70396	34.9262
2.72898	35.5593
2.75423	36.2005
2.77971	36.8476
2.80543	37.5008
2.83139	38.1623
2.85759	38.8309
2.88403	39.5055
2.91072	40.1866
2.93765	40.8762
2.96483	41.5724
2.99226	42.2751
3.01995	42.9863
3.04789	43.7093
3.0761	44.4393
3.10456	45.1758
3.13329	45.9256
3.16228	46.6848
3.19154	47.451
3.22107	48.2253
3.25087	49.0095
3.28095	49.801
3.31131	50.5999
3.34195	51.4057
3.37287	52.2188
3.40408	53.0395
3.43558	53.8685
3.46737	54.7052
3.49945	55.5496
3.53183	56.4038
3.56451	57.2673
3.59749	58.1388
3.63078	59.0204
3.66438	59.9119
3.69828	60.8113
3.7325	61.7205
3.76704	62.639
3.80189	63.5658
3.83707	64.5019
3.87258	65.4469
3.90841	66.4005
3.94457	67.3633
3.98107	68.3351
4.01791	69.316
4.05509	70.3062
4.09261	71.3055
4.13047	72.314
4.16869	73.3322
4.20727	74.3599
4.2462	75.3971
4.28549	76.4439
4.32514	77.5001
4.36516	78.5661
4.40555	79.6418
4.44631	80.7271
4.48745	81.8224
4.52898	82.9278
4.57088	84.0426
4.61318	85.168
4.65586	86.3025
4.69894	87.4476
4.74242	88.6025
4.7863	89.7675
4.83059	90.943
4.87529	92.1288
4.9204	93.3253
4.96592	94.5324
5.01187	95.7508
5.05825	96.9806
5.10505	98.2215
5.15229	99.4745
5.19996	100.739
5.24807	102.016
5.29663	103.306
5.34564	104.608
5.39511	105.924
5.44503	107.254
5.49541	108.597
5.54626	109.954
5.59758	111.325
5.64937	112.71
5.70164	114.108
5.7544	115.521
5.80764	116.946
5.86138	118.385
5.91562	119.838
5.97035	121.304
6.0256	122.784
6.08135	124.277
6.13762	125.784
6.19441	127.305
6.25173	128.841
6.30957	130.39
6.36796	131.954
6.42688	133.533
6.48634	135.126
6.54636	136.733
6.60693	138.356
6.66807	139.994
6.72977	141.647
6.79204	143.315
6.85488	144.998
6.91831	146.697
6.98232	148.411
7.04693	150.141
7.11214	151.887
7.17794	153.649
7.24436	155.426
7.31139	157.22
7.37904	159.03
7.44732	160.857
7.51623	162.7
7.58578	164.56
7.65597	166.437
7.72681	168.332
7.7983	170.244
7.87046	172.175
7.94328	174.123
8.01678	176.089
8.09096	178.073
8.16582	180.075
8.24138	182.095
8.31764	184.134
8.3946	186.191
8.47227	188.266
8.55067	190.36
8.62979	192.473
8.70964	194.605
8.79023	196.755
8.87156	198.925
8.95365	201.115
9.03649	203.325
9.12011	205.554
9.2045	207.804
9.28966	210.074
9.37562	212.365
9.46237	214.677
9.54993	217.01
9.63829	219.364
9.72747	221.74
9.81748	224.138
9.90832	226.558
10	229
10.0925	231.464
10.1859	233.951
10.2802	236.462
10.3753	238.993
10.4713	241.548
10.5682	244.127
10.666	246.729
10.7647	249.354
10.8643	252.002
10.9648	254.674
11.0662	257.367
11.1686	260.087
11.272	262.832
11.3763	265.6
11.4815	268.391
11.5878	271.211
11.695	274.055
11.8032	276.925
11.9124	279.821
12.0226	282.744
12.1339	285.697
12.2462	288.676
12.3595	291.681
12.4738	294.713
12.5893	297.775
12.7057	300.861
12.8233	303.977
12.942	307.122
13.0617	310.291
13.1826	313.492
13.3045	316.718
13.4277	319.978
13.5519	323.263
13.6773	326.579
13.8038	329.923
13.9316	333.302
14.0605	336.709
14.1906	340.147
14.3219	343.617
14.4544	347.119
14.5881	350.654
14.7231	354.222
14.8594	357.826
14.9968	361.459
15.1356	365.129
15.2757	368.832
15.417	372.567
15.5597	376.336
15.7036	380.134
15.8489	383.967
15.9956	387.835
16.1436	391.734
16.293	395.668
16.4437	399.635
16.5959	403.641
16.7494	407.68
16.9044	411.759
17.0608	415.875
17.2187	420.031
17.378	424.224
17.5388	428.455
17.7011	432.725
17.8649	437.032
18.0302	441.376
18.197	445.757
18.3654	450.177
18.5353	454.634
18.7068	459.131
18.8799	463.669
19.0546	468.249
19.2309	472.872
19.4089	477.541
19.5884	482.252
19.7697	487.013
19.9526	491.817
20.1372	496.668
20.3236	501.566
20.5116	506.506
20.7014	511.491
20.893	516.522
21.0863	521.593
21.2814	526.709
21.4783	531.868
21.677	537.072
21.8776	542.324
22.08	547.62
22.2844	552.967
22.4905	558.358
22.6986	563.799
22.9087	569.292
23.1206	574.831
23.3346	580.425
23.5505	586.067
23.7684	591.76
23.9883	597.505
24.2103	603.303
24.4343	609.154
24.6604	615.058
24.8886	621.015
25.1189	627.027
25.3513	633.092
25.5859	639.213
25.8226	645.388
26.0615	651.618
26.3027	657.907
26.5461	664.252
26.7917	670.652
27.0396	677.11
27.2898	683.627
27.5423	690.203
27.7971	696.836
28.0543	703.53
28.3139	710.286
28.5759	717.102
28.8403	723.979
29.1072	730.92
29.3765	737.921
29.6483	744.987
29.9226	752.116
30.1995	759.311
30.4789	766.57
30.761	773.898
31.0456	781.289
31.3329	788.747
31.6228	796.271
31.9154	803.863
32.2107	811.523
32.5087	819.25
32.8095	827.047
33.1131	834.915
33.4195	842.853
33.7287	850.863
34.0408	858.945
34.3558	867.102
34.6737	875.332
34.9945	883.636
35.3183	892.016
35.6451	900.473
35.9749	909.004
36.3078	917.614
36.6438	926.301
36.9828	935.064
37.325	943.906
37.6704	952.828
38.0189	961.829
38.3707	970.912
38.7258	980.079
39.0841	989.327
39.4457	998.659
39.8107	1008.08
40.1791	1017.58
40.5509	1027.18
40.9261	1036.86
41.3048	1046.62
41.6869	1056.47
42.0727	1066.41
42.462	1076.44
42.8548	1086.55
43.2514	1096.75
43.6516	1107.05
44.0555	1117.43
44.4631	1127.9
44.8745	1138.47
45.2898	1149.14
45.7088	1159.9
46.1318	1170.76
46.5586	1181.72
46.9894	1192.79
47.4242	1203.95
47.863	1215.21
48.3059	1226.58
48.7528	1238.05
49.204	1249.62
49.6592	1261.29
50.1187	1273.07
50.5825	1284.95
51.0505	1296.94
51.5229	1309.03
51.9996	1321.23
52.4807	1333.54
52.9663	1345.96
53.4564	1358.49
53.9511	1371.13
54.4503	1383.89
54.9541	1396.77
55.4626	1409.77
55.9758	1422.89
56.4937	1436.13
57.0164	1449.51
57.544	1463.01
58.0764	1476.64
58.6138	1490.39
59.1562	1504.26
59.7035	1518.24
60.256	1532.35
60.8135	1546.55
61.3762	1560.87
61.9441	1575.31
62.5173	1589.86
63.0957	1604.54
63.6796	1619.34
64.2688	1634.28
64.8634	1649.37
65.4636	1664.6
66.0694	1679.98
66.6807	1695.5
67.2977	1711.18
67.9204	1727
68.5488	1742.96
69.1831	1759.07
69.8232	1775.32
70.4693	1791.71
71.1214	1808.24
71.7794	1824.92
72.4436	1841.74
73.1139	1858.71
73.7904	1875.83
74.4732	1893.1
75.1623	1910.54
75.8578	1928.13
76.5597	1945.88
77.2681	1963.8
77.983	1981.87
78.7046	2000.11
79.4328	2018.51
80.1678	2037.07
80.9096	2055.8
81.6582	2074.69
82.4138	2093.75
83.1764	2112.97
83.946	2132.37
84.7227	2151.93
85.5067	2171.68
86.2979	2191.6
87.0964	2211.69
87.9023	2231.97
88.7156	2252.42
89.5365	2273.06
90.3649	2293.89
91.2011	2314.9
92.045	2336.1
92.8967	2357.49
93.7562	2379.07
94.6237	2400.84
95.4993	2422.81
96.3829	2444.97
97.2747	2467.33
98.1748	2489.89
99.0832	2512.65
