0.1	0.129622
0.100925	0.130954
0.101859	0.1323
0.102802	0.133658
0.103753	0.135027
0.104713	0.13641
0.105682	0.137806
0.10666	0.139214
0.107647	0.140636
0.108643	0.14207
0.109648	0.143518
0.110662	0.158932
0.111686	0.185392
0.11272	0.21211
0.113763	0.239061
0.114815	0.266245
0.115878	0.293712
0.11695	0.321412
0.118032	0.349371
0.119124	0.377588
0.120226	0.406063
0.121339	0.434823
0.122462	0.463841
0.123595	0.493117
0.124738	0.522652
0.125893	0.552497
0.127057	0.582574
0.128233	0.612962
0.12942	0.643633
0.130617	0.674563
0.131826	0.705804
0.133045	0.737302
0.134277	0.769137
0.135519	0.80123
0.136773	0.833633
0.138038	0.86632
0.139316	0.899343
0.140605	0.93265
0.141906	0.966268
0.143219	1.0002
0.144544	1.03443
0.145881	1.06898
0.147231	1.10386
0.148594	1.13908
0.149968	1.17459
0.151356	1.21045
0.152757	1.24665
0.15417	1.28317
0.155597	1.32004
0.157036	1.35722
0.158489	1.39477
0.159956	1.43267
0.161436	1.47092
0.16293	1.50952
0.164437	1.54846
0.165959	1.58779
0.167494	1.62745
0.169044	1.66751
0.170608	1.70792
0.172187	1.74872
0.17378	1.78988
0.175388	1.83143
0.177011	1.87337
0.178649	1.9157
0.180302	1.95841
0.18197	2.00151
0.183654	2.04502
0.185353	2.08892
0.187068	2.13324
0.188799	2.17797
0.190546	2.22311
0.192309	2.26867
0.194089	2.31466
0.195884	2.36104
0.197697	2.40789
0.199526	2.45515
0.201372	2.50285
0.203236	2.55102
0.205116	2.59959
0.207014	2.64864
0.20893	2.69815
0.210863	2.76675
0.212814	2.87048
0.214783	2.97516
0.21677	3.0808
0.218776	3.18745
0.2208	3.29506
0.222844	3.40373
0.224905	3.5133
0.226986	3.62394
0.229087	3.73564
0.231206	3.8483
0.233346	3.96208
0.235505	4.07686
0.237684	4.19271
0.239883	4.30962
0.242103	4.42765
0.244343	4.54674
0.246604	4.66694
0.248886	4.78827
0.251189	4.91071
0.253513	5.03427
0.255859	5.15899
0.258226	5.28483
0.260615	5.41185
0.263027	5.54008
0.265461	5.66949
0.267917	5.80006
0.270396	5.93186
0.272898	6.06488
0.275423	6.19912
0.277971	6.33459
0.280543	6.47133
0.283139	6.60935
0.285759	6.74864
0.288403	6.88921
0.291072	7.03111
0.293765	7.17429
0.296483	7.31879
0.299226	7.46462
0.301995	7.61184
0.30479	7.76044
0.30761	7.91036
0.310456	8.06197
0.313329	8.21934
0.316228	8.37813
0.319154	8.5384
0.322107	8.70015
0.325087	8.86338
0.328095	9.02814
0.331131	9.19444
0.334195	9.36227
0.337287	9.53163
0.340408	9.70258
0.343558	9.87512
0.346737	10.0493
0.349945	10.225
0.353183	10.4023
0.356451	10.5813
0.359749	10.762
0.363078	10.9443
0.366438	11.1284
0.369828	11.3141
0.37325	11.5015
0.376704	11.6907
0.380189	11.8816
0.383707	12.0743
0.387258	12.2688
0.390841	12.465
0.394457	12.6631
0.398107	12.863
0.401791	13.0648
0.405509	13.2685
0.409261	13.474
0.413047	13.6893
0.416869	13.9099
0.420727	14.1326
0.42462	14.3574
0.428549	14.5842
0.432514	14.8131
0.436516	15.0441
0.440555	15.2773
0.444631	15.5126
0.448745	15.7501
0.452898	15.9898
0.457088	16.2317
0.461318	16.4759
0.465586	16.7223
0.469894	16.9709
0.474242	17.2219
0.47863	17.4753
0.483059	17.7309
0.487528	17.9889
0.49204	18.2494
0.496592	18.5122
0.501187	18.7774
0.505825	19.0452
0.510505	19.315
0.515229	19.5641
0.519996	19.8153
0.524807	20.0689
0.529663	20.3249
0.534564	20.5832
0.539511	20.844
0.544503	21.1071
0.549541	21.3726
0.554626	21.6407
0.559758	21.9112
0.564937	22.1842
0.570164	22.4597
0.57544	22.7378
0.580764	23.0184
0.586138	23.3017
0.591562	23.5876
0.597035	23.8761
0.60256	24.1673
0.608135	24.4611
0.613762	24.7488
0.619441	25.0325
0.625173	25.3188
0.630957	25.6077
0.636796	25.8993
0.642688	26.1936
0.648634	26.4905
0.654636	26.7903
0.660693	27.0928
0.666807	27.3982
0.672977	27.7064
0.679204	28.0174
0.685488	28.3313
0.691831	28.6481
0.698232	28.9678
0.704693	29.2905
0.711214	29.613
0.717794	29.9066
0.724436	30.2029
0.731139	30.5019
0.737904	30.8037
0.744732	31.1083
0.751623	31.4157
0.758578	31.726
0.765597	32.0391
0.772681	32.3551
0.77983	32.674
0.787046	32.9959
0.794328	33.3208
0.801678	33.6486
0.809096	33.9796
0.816582	34.2936
0.824138	34.6049
0.831764	34.9192
0.83946	35.2363
0.847227	35.5564
0.855067	35.8795
0.862979	36.2055
0.870964	36.5345
0.879023	36.8666
0.887156	37.2018
0.895365	37.54
0.903649	37.8814
0.912011	38.2258
0.92045	38.5724
0.928966	38.9222
0.937562	39.2752
0.946237	39.6315
0.954993	39.9911
0.963829	40.354
0.972747	40.7203
0.981748	41.09
0.990832	41.463
1	41.8396
1.00925	42.2195
1.01859	42.5595
1.02802	42.8933
1.03753	43.23
1.04713	43.5699
1.05682	43.9129
1.0666	44.2592
1.07647	44.6086
1.08643	44.9612
1.09648	45.317
1.10662	45.676
1.11686	46.0784
1.1272	46.5148
1.13763	46.955
1.14815	47.399
1.15878	47.8477
1.1695	48.3001
1.18032	48.7568
1.19124	49.2177
1.20226	49.6828
1.21339	50.1346
1.22462	50.5214
1.23595	50.9115
1.24738	51.3052
1.25893	51.7029
1.27057	52.1037
1.28233	52.5087
1.2942	52.9175
1.30617	53.3297
1.31826	53.7441
1.33045	54.1606
1.34276	54.5812
1.35519	55.0059
1.36773	55.4344
1.38038	55.8666
1.39316	56.3032
1.40605	56.7436
1.41906	57.202
1.43219	57.6738
1.44544	58.15
1.45881	58.6305
1.47231	59.1157
1.48594	59.6055
1.49968	60.0993
1.51356	60.592
1.52757	61.0565
1.5417	61.5249
1.55597	61.9981
1.57036	62.4752
1.58489	62.9569
1.59956	63.4433
1.61436	63.9269
1.6293	64.3858
1.64437	64.8487
1.65959	65.3162
1.67494	65.7876
1.69044	66.2637
1.70608	66.7441
1.72187	67.2539
1.7378	67.7813
1.75388	68.3136
1.77011	68.851
1.78649	69.3933
1.80302	69.9406
1.8197	70.4811
1.83654	71.0143
1.85353	71.5522
1.87068	72.0952
1.88799	72.6433
1.90546	73.1964
1.92309	73.7613
1.94089	74.3354
1.95884	74.9144
1.97697	75.4992
1.99526	76.0891
2.01372	76.6855
2.03236	77.2962
2.05116	77.9121
2.07014	78.5339
2.0893	79.1615
2.10863	79.7948
2.12814	80.3955
2.14783	80.994
2.1677	81.5979
2.18776	82.2077
2.208	82.8229
2.22844	83.4338
2.24905	84.0472
2.26986	84.6666
2.29087	85.292
2.31206	85.9227
2.33346	86.5699
2.35505	87.2229
2.37684	87.882
2.39883	88.5471
2.42103	89.2452
2.44343	89.9901
2.46604	90.7419
2.48886	91.5008
2.51189	92.2666
2.53513	92.9394
2.55859	93.617
2.58226	94.3006
2.60615	94.9906
2.63027	95.7374
2.65461	96.5084
2.67917	97.2864
2.70396	98.0717
2.72898	98.8388
2.75423	99.5997
2.77971	100.368
2.80543	101.143
2.83139	101.903
2.85759	102.662
2.88403	103.429
2.91072	104.202
2.93765	105.024
2.96483	105.857
2.99226	106.697
3.01995	107.535
3.04789	108.352
3.0761	109.178
3.10456	110.01
3.13329	110.894
3.16228	111.805
3.19154	112.724
3.22107	113.641
3.25087	114.539
3.28095	115.447
3.31131	116.362
3.34195	117.227
3.37287	118.097
3.40408	118.975
3.43558	119.894
3.46737	120.836
3.49945	121.786
3.53183	122.747
3.56451	123.72
3.59749	124.702
3.63078	125.661
3.66438	126.601
3.69828	127.549
3.7325	128.541
3.76704	129.568
3.80189	130.605
3.83707	131.622
3.87258	132.633
3.90841	133.654
3.94457	134.643
3.98107	135.633
4.01791	136.64
4.05509	137.704
4.09261	138.778
4.13047	139.862
4.16869	140.954
4.20727	142.058
4.2462	143.159
4.28549	144.269
4.32514	145.392
4.36516	146.536
4.40555	147.691
4.44631	148.829
4.48745	149.972
4.52898	151.118
4.57088	152.262
4.61318	153.417
4.65586	154.661
4.69894	155.919
4.74242	157.21
4.7863	158.526
4.83059	159.826
4.87529	161.089
4.9204	162.355
4.96592	163.57
5.01187	164.797
5.05825	166.011
5.10505	167.235
5.15229	168.502
5.19996	169.789
5.24807	171.134
5.29663	172.511
5.34564	173.911
5.39511	175.329
5.44503	176.75
5.49541	178.177
5.54626	179.62
5.59758	181.077
5.64937	182.551
5.70164	184.041
5.7544	185.522
5.80764	187.009
5.86138	188.473
5.91562	189.944
5.97035	191.442
6.0256	192.965
6.08135	194.548
6.13762	196.152
6.19441	197.78
6.25173	199.397
6.30957	201.015
6.36796	202.625
6.42688	204.252
6.48634	205.914
6.54636	207.61
6.60693	209.338
6.66807	211.073
6.72977	212.812
6.79204	214.53
6.85488	216.255
6.91831	217.993
6.98232	219.783
7.04693	221.609
7.11214	223.473
7.17794	225.333
7.24436	227.176
7.31139	228.992
7.37904	230.797
7.44732	232.645
7.51623	234.544
7.58578	236.575
7.65597	238.649
7.72681	240.753
7.7983	242.825
7.87046	244.84
7.94328	246.83
8.01678	248.808
8.09096	250.831
8.16582	252.911
8.24138	255.041
8.31764	257.213
8.3946	259.402
8.47227	261.596
8.55067	263.796
8.62979	266.004
8.70964	268.223
8.79023	270.46
8.87156	272.72
8.95365	275.006
9.03649	277.323
9.12011	279.675
9.2045	282.054
9.28966	284.446
9.37562	286.841
9.46237	289.24
9.54993	291.658
9.63829	294.122
9.72747	296.658
9.81748	299.292
9.90832	302
10	304.735
10.0925	307.455
10.1859	310.138
10.2802	312.792
10.3753	315.435
10.4713	318.093
10.5682	320.786
10.666	323.517
10.7647	326.283
10.8643	329.078
10.9648	331.898
11.0662	334.742
11.1686	337.612
11.272	340.509
11.3763	343.43
11.4815	346.376
11.5878	349.351
11.695	352.352
11.8032	355.381
11.9124	358.438
12.0226	361.522
12.1339	364.638
12.2462	367.781
12.3595	370.952
12.4738	374.15
12.5893	377.383
12.7057	380.64
12.8233	383.931
12.942	387.254
13.0617	390.605
13.1826	393.991
13.3045	397.404
13.4277	400.855
13.5519	404.334
13.6773	407.847
13.8038	411.39
13.9316	414.968
14.0605	418.577
14.1906	422.22
14.3219	425.894
14.4544	429.602
14.5881	433.341
14.7231	437.115
14.8594	440.926
14.9968	444.771
15.1356	448.662
15.2757	452.6
15.417	456.575
15.5597	460.587
15.7036	464.621
15.8489	468.677
15.9956	472.757
16.1436	476.87
16.293	481.029
16.4437	485.24
16.5959	489.509
16.7494	493.819
16.9044	498.17
17.0608	502.551
17.2187	506.963
17.378	511.409
17.5388	515.894
17.7011	520.424
17.8649	524.999
18.0302	529.619
18.197	534.283
18.3654	538.994
18.5353	543.748
18.7068	548.546
18.8799	553.39
19.0546	558.276
19.2309	563.207
19.4089	568.183
19.5884	573.202
19.7697	578.27
19.9526	583.383
20.1372	588.544
20.3236	593.755
20.5116	599.01
20.7014	604.316
20.893	609.671
21.0863	615.073
21.2814	620.526
21.4783	626.029
21.677	631.582
21.8776	637.187
22.08	642.841
22.2844	648.55
22.4905	654.306
22.6986	660.117
22.9087	665.984
23.1206	671.902
23.3346	677.878
23.5505	683.909
23.7684	689.996
23.9883	696.14
24.2103	702.344
24.4343	708.604
24.6604	714.922
24.8886	721.298
25.1189	727.732
25.3513	734.222
25.5859	740.771
25.8226	747.376
26.0615	754.04
26.3027	760.765
26.5461	767.552
26.7917	774.4
27.0396	781.314
27.2898	788.294
27.5423	795.343
27.7971	802.46
28.0543	809.649
28.3139	816.908
28.5759	824.236
28.8403	831.631
29.1072	839.093
29.3765	846.619
29.6483	854.209
29.9226	861.862
30.1995	869.578
30.4789	877.355
30.761	885.196
31.0456	893.101
31.3329	901.078
31.6228	909.129
31.9154	917.262
32.2107	925.479
32.5087	933.778
32.8095	942.159
33.1131	950.619
33.4195	959.155
33.7287	967.768
34.0408	976.462
34.3558	985.236
34.6737	994.091
34.9945	1003.03
35.3183	1012.04
35.6451	1021.14
35.9749	1030.32
36.3078	1039.58
36.6438	1048.93
36.9828	1058.36
37.325	1067.88
37.6704	1077.49
38.0189	1087.18
38.3707	1096.96
38.7258	1106.83
39.0841	1116.8
39.4457	1126.85
39.8107	1136.99
40.1791	1147.23
40.5509	1157.56
40.9261	1167.99
41.3048	1178.51
41.6869	1189.12
42.0727	1199.84
42.462	1210.65
42.8548	1221.56
43.2514	1232.57
43.6516	1243.69
44.0555	1254.9
44.4631	1266.22
44.8745	1277.64
45.2898	1289.16
45.7088	1300.79
46.1318	1312.53
46.5586	1324.37
46.9894	1336.32
47.4242	1348.38
47.863	1360.55
48.3059	1372.83
48.7528	1385.21
49.204	1397.72
49.6592	1410.34
50.1187	1423.07
50.5825	1435.92
51.0505	1448.88
51.5229	1461.97
51.9996	1475.17
52.4807	1488.5
52.9663	1501.95
53.4564	1515.52
53.9511	1529.21
54.4503	1543.03
54.9541	1556.98
55.4626	1571.05
55.9758	1585.25
56.4937	1599.58
57.0164	1614.04
57.544	1628.62
58.0764	1643.34
58.6138	1658.18
59.1562	1673.16
59.7035	1688.28
60.256	1703.53
60.8135	1718.92
61.3762	1734.45
61.9441	1750.12
62.5173	1765.93
63.0957	1781.88
63.6796	1797.99
64.2688	1814.25
64.8634	1830.68
65.4636	1847.26
66.0694	1864
66.6807	1880.89
67.2977	1897.93
67.9204	1915.12
68.5488	1932.47
69.1831	1949.97
69.8232	1967.62
70.4693	1985.43
71.1214	2003.39
71.7794	2021.51
72.4436	2039.8
73.1139	2058.25
73.7904	2076.87
74.4732	2095.65
75.1623	2114.6
75.8578	2133.73
76.5597	2153.03
77.2681	2172.5
77.983	2192.16
78.7046	2211.99
79.4328	2232.01
80.1678	2252.21
80.9096	2272.6
81.6582	2293.17
82.4138	2313.93
83.1764	2334.89
83.946	2356.03
84.7227	2377.36
85.5067	2398.89
86.2979	2420.6
87.0964	2442.52
87.9023	2464.63
88.7156	2486.93
89.5365	2509.44
90.3649	2532.15
91.2011	2555.06
92.045	2578.19
92.8967	2601.52
93.7562	2625.07
94.6237	2648.83
95.4993	2672.81
96.3829	2697
97.2747	2721.41
98.1748	2746.05
99.0832	2770.9
