0.1	0
0.100925	0
0.101859	0
0.102802	0
0.103753	0
0.104713	0
0.105682	0
0.10666	0
0.107647	0
0.108643	0
0.109648	0
0.110662	0.00546735
0.111686	0.0152566
0.11272	0.0251415
0.113763	0.0351123
0.114815	0.0451693
0.115878	0.0553314
0.11695	0.0655795
0.118032	0.0759232
0.119124	0.0863625
0.120226	0.0968974
0.121339	0.107538
0.122462	0.118273
0.123595	0.129104
0.124738	0.140031
0.125893	0.151073
0.127057	0.162201
0.128233	0.173443
0.12942	0.18479
0.130617	0.196234
0.131826	0.207791
0.133045	0.219445
0.134277	0.231222
0.135519	0.243096
0.136773	0.255084
0.138038	0.267177
0.139316	0.279394
0.140605	0.291717
0.141906	0.304154
0.143219	0.316706
0.144544	0.329373
0.145881	0.342155
0.147231	0.35506
0.148594	0.36809
0.149968	0.381226
0.151356	0.394495
0.152757	0.407888
0.15417	0.421396
0.155597	0.435038
0.157036	0.448794
0.158489	0.462685
0.159956	0.476709
0.161436	0.490858
0.16293	0.50514
0.164437	0.519547
0.165959	0.534097
0.167494	0.548771
0.169044	0.563589
0.170608	0.57854
0.172187	0.593635
0.17378	0.608864
0.175388	0.624236
0.177011	0.639752
0.178649	0.655411
0.180302	0.671213
0.18197	0.687159
0.183654	0.703258
0.185353	0.7195
0.187068	0.735895
0.188799	0.752443
0.190546	0.769144
0.192309	0.785998
0.194089	0.803014
0.195884	0.820174
0.197697	0.837506
0.199526	0.854991
0.201372	0.872638
0.203236	0.890458
0.205116	0.90843
0.207014	0.926575
0.20893	0.944891
0.210863	0.985684
0.212814	1.06809
0.214783	1.15126
0.21677	1.23518
0.218776	1.31991
0.2208	1.4054
0.222844	1.49173
0.224905	1.57878
0.226986	1.66668
0.229087	1.75542
0.231206	1.84492
0.233346	1.93531
0.235505	2.0265
0.237684	2.11854
0.239883	2.21142
0.242103	2.30519
0.244343	2.3998
0.246604	2.4953
0.248886	2.59168
0.251189	2.68896
0.253513	2.78712
0.255859	2.88621
0.258226	2.98618
0.260615	3.08709
0.263027	3.18897
0.265461	3.29177
0.267917	3.39551
0.270396	3.50022
0.272898	3.60589
0.275423	3.71254
0.277971	3.82017
0.280543	3.9288
0.283139	4.03845
0.285759	4.14911
0.288403	4.26079
0.291072	4.37352
0.293765	4.48727
0.296483	4.60207
0.299226	4.71793
0.301995	4.83488
0.30479	4.95294
0.30761	5.07205
0.310456	5.19183
0.313329	5.30655
0.316228	5.42231
0.319154	5.53914
0.322107	5.65706
0.325087	5.77605
0.328095	5.89616
0.331131	6.01739
0.334195	6.13974
0.337287	6.2632
0.340408	6.38783
0.343558	6.51361
0.346737	6.64055
0.349945	6.76864
0.353183	6.89794
0.356451	7.02843
0.359749	7.16012
0.363078	7.29305
0.366438	7.42722
0.369828	7.56258
0.37325	7.69922
0.376704	7.83714
0.380189	7.9763
0.383707	8.11678
0.387258	8.25857
0.390841	8.40164
0.394457	8.54603
0.398107	8.69178
0.401791	8.83888
0.405509	8.98734
0.409261	9.13716
0.413047	9.2587
0.416869	9.36915
0.420727	9.48064
0.42462	9.59314
0.428549	9.70668
0.432514	9.82126
0.436516	9.93692
0.440555	10.0536
0.444631	10.1714
0.448745	10.2903
0.452898	10.4103
0.457088	10.5314
0.461318	10.6537
0.465586	10.777
0.469894	10.9015
0.474242	11.0271
0.47863	11.1539
0.483059	11.2819
0.487528	11.4111
0.49204	11.5415
0.496592	11.673
0.501187	11.8058
0.505825	11.9398
0.510505	12.0747
0.515229	12.1772
0.519996	12.2806
0.524807	12.385
0.529663	12.4904
0.534564	12.5968
0.539511	12.7041
0.544503	12.8125
0.549541	12.9218
0.554626	13.0321
0.559758	13.1435
0.564937	13.2559
0.570164	13.3693
0.57544	13.4838
0.580764	13.5993
0.586138	13.7159
0.591562	13.8337
0.597035	13.9524
0.60256	14.0723
0.608135	14.1933
0.613762	14.2822
0.619441	14.347
0.625173	14.4124
0.630957	14.4784
0.636796	14.545
0.642688	14.6123
0.648634	14.6801
0.654636	14.7486
0.660693	14.8177
0.666807	14.8874
0.672977	14.9578
0.679204	15.0289
0.685488	15.1006
0.691831	15.1729
0.698232	15.246
0.704693	15.3197
0.711214	15.3938
0.717794	15.4662
0.724436	15.5393
0.731139	15.613
0.737904	15.6874
0.744732	15.7626
0.751623	15.8384
0.758578	15.9149
0.765597	15.9921
0.772681	16.07
0.77983	16.1487
0.787046	16.228
0.794328	16.3082
0.801678	16.389
0.809096	16.4706
0.816582	16.531
0.824138	16.5859
0.831764	16.6413
0.83946	16.6972
0.847227	16.7535
0.855067	16.8105
0.862979	16.8679
0.870964	16.9259
0.879023	16.9844
0.887156	17.0434
0.895365	17.1031
0.903649	17.1632
0.912011	17.2219
0.92045	17.2694
0.928966	17.3172
0.937562	17.3656
0.946237	17.4143
0.954993	17.4635
0.963829	17.5132
0.972747	17.5633
0.981748	17.6139
0.990832	17.665
1	17.7165
1.00925	17.7685
1.01859	17.7847
1.02802	17.7931
1.03753	17.8017
1.04713	17.8103
1.05682	17.819
1.0666	17.8278
1.07647	17.8367
1.08643	17.8456
1.09648	17.8547
1.10662	17.8638
1.11686	17.8879
1.1272	17.9234
1.13763	17.9593
1.14815	17.9954
1.15878	18.0319
1.1695	18.0688
1.18032	18.106
1.19124	18.1435
1.20226	18.1814
1.21339	18.2094
1.22462	18.1981
1.23595	18.1868
1.24738	18.1754
1.25893	18.1639
1.27057	18.1522
1.28233	18.1405
1.2942	18.1286
1.30617	18.1167
1.31826	18.1257
1.33045	18.15
1.34276	18.1744
1.35519	18.1992
1.36773	18.2241
1.38038	18.2492
1.39316	18.2746
1.40605	18.3002
1.41906	18.2994
1.43219	18.2807
1.44544	18.2617
1.45881	18.2426
1.47231	18.2233
1.48594	18.2038
1.49968	18.1841
1.51356	18.1693
1.52757	18.1812
1.5417	18.1931
1.55597	18.2052
1.57036	18.2174
1.58489	18.2296
1.59956	18.2421
1.61436	18.2508
1.6293	18.244
1.64437	18.2372
1.65959	18.2302
1.67494	18.2233
1.69044	18.2162
1.70608	18.2091
1.72187	18.2117
1.7378	18.2193
1.75388	18.2271
1.77011	18.2349
1.78649	18.2428
1.80302	18.2508
1.8197	18.2466
1.83654	18.2293
1.85353	18.2118
1.87068	18.1941
1.88799	18.1763
1.90546	18.1583
1.92309	18.1675
1.94089	18.192
1.95884	18.2167
1.97697	18.2417
1.99526	18.2668
2.01372	18.2867
2.03236	18.2585
2.05116	18.2302
2.07014	18.2015
2.0893	18.1725
2.10863	18.1433
2.12814	18.0976
2.14783	18.0481
2.1677	17.9981
2.18776	17.9477
2.208	17.8968
2.22844	17.9259
2.24905	17.9748
2.26986	18.0242
2.29087	18.0742
2.31206	18.1245
2.33346	18.0859
2.35505	18.0469
2.37684	18.0075
2.39883	17.9678
2.42103	17.9495
2.44343	17.9641
2.46604	17.9788
2.48886	17.9936
2.51189	18.0086
2.53513	17.9533
2.55859	17.8963
2.58226	17.8388
2.60615	17.7808
2.63027	17.7504
2.65461	17.7296
2.67917	17.7085
2.70396	17.6873
2.72898	17.7091
2.75423	17.7535
2.77971	17.7984
2.80543	17.8436
2.83139	17.836
2.85759	17.808
2.88403	17.7798
2.91072	17.7513
2.93765	17.7389
2.96483	17.7276
2.99226	17.7162
3.01995	17.6945
3.04789	17.6441
3.0761	17.5931
3.10456	17.5416
3.13329	17.5386
3.16228	17.5554
3.19154	17.5723
3.22107	17.593
3.25087	17.6237
3.28095	17.6547
3.31131	17.686
3.34195	17.6675
3.37287	17.6458
3.40408	17.624
3.43558	17.5864
3.46737	17.5421
3.49945	17.4975
3.53183	17.4563
3.56451	17.4177
3.59749	17.3787
3.63078	17.3707
3.66438	17.3911
3.69828	17.4116
3.7325	17.417
3.76704	17.4102
3.80189	17.4033
3.83707	17.3914
3.87258	17.3768
3.90841	17.3621
3.94457	17.3855
3.98107	17.4155
4.01791	17.4352
4.05509	17.3752
4.09261	17.3148
4.13047	17.2779
4.16869	17.2713
4.20727	17.2647
4.2462	17.267
4.28549	17.2711
4.32514	17.2638
4.36516	17.2273
4.40555	17.1906
4.44631	17.1976
4.48745	17.2163
4.52898	17.2166
4.57088	17.1836
4.61318	17.1503
4.65586	17.1634
4.69894	17.1778
4.74242	17.1667
4.7863	17.1415
4.83059	17.1034
4.87529	17.043
4.9204	17.0006
4.96592	17.0802
5.01187	17.1604
5.05825	17.224
5.10505	17.287
5.15229	17.28
5.19996	17.2548
5.24807	17.2041
5.29663	17.1417
5.34564	17.1075
5.39511	17.09
5.44503	17.0913
5.49541	17.105
5.54626	17.1142
5.59758	17.1206
5.64937	17.1227
5.70164	17.1225
5.7544	17.1121
5.80764	17.0981
5.86138	17.0705
5.91562	17.0405
5.97035	17.022
6.0256	17.0072
6.08135	17.01
6.13762	17.0156
6.19441	17.0257
6.25173	17.0276
6.30957	17.0246
6.36796	16.998
6.42688	16.9665
6.48634	16.9272
6.54636	16.8935
6.60693	16.8653
6.66807	16.862
6.72977	16.8684
6.79204	16.8943
6.85488	16.9182
6.91831	16.9403
6.98232	16.9411
7.04693	16.9276
7.11214	16.8979
7.17794	16.8501
7.24436	16.8033
7.31139	16.7597
7.37904	16.7446
7.44732	16.7555
7.51623	16.7957
7.58578	16.8621
7.65597	16.9079
7.72681	16.9292
7.7983	16.9021
7.87046	16.8574
7.94328	16.808
8.01678	16.7612
8.09096	16.7341
8.16582	16.7264
8.24138	16.7375
8.31764	16.7666
8.3946	16.8128
8.47227	16.8537
8.55067	16.8756
8.62979	16.8679
8.70964	16.8236
8.79023	16.7701
8.87156	16.7296
8.95365	16.7125
9.03649	16.7268
9.12011	16.7789
9.2045	16.8567
9.28966	16.9126
9.37562	16.919
9.46237	16.8788
9.54993	16.8125
9.63829	16.7477
9.72747	16.7094
9.81748	16.7183
9.90832	16.7996
10	16.9244
10.0925	17.0429
10.1859	17.1081
10.2802	17.1152
10.3753	17.0918
10.4713	17.072
10.5682	17.0689
10.666	17.0743
10.7647	17.0755
10.8643	17.0677
10.9648	17.0554
11.0662	17.0448
11.1686	17.0387
11.272	17.0355
11.3763	17.0325
11.4815	17.0285
11.5878	17.0237
11.695	17.0188
11.8032	17.0142
11.9124	17.0098
12.0226	17.0056
12.1339	17.0013
12.2462	16.9971
12.3595	16.993
12.4738	16.9889
12.5893	16.9848
12.7057	16.9807
12.8233	16.9765
12.942	16.9724
13.0617	16.9685
13.1826	16.9648
13.3045	16.9612
13.4277	16.9576
13.5519	16.954
13.6773	16.9502
13.8038	16.9465
13.9316	16.9428
14.0605	16.9391
14.1906	16.9354
14.3219	16.9317
14.4544	16.9281
14.5881	16.925
14.7231	16.9221
14.8594	16.9189
14.9968	16.9143
15.1356	16.9085
15.2757	16.9042
15.417	16.9045
15.5597	16.9109
15.7036	16.9161
15.8489	16.91
15.9956	16.8879
16.1436	16.8603
16.293	16.8424
16.4437	16.8442
16.5959	16.8598
16.7494	16.8748
16.9044	16.8792
17.0608	16.8745
17.2187	16.8668
17.378	16.8619
17.5388	16.8592
17.7011	16.8571
17.8649	16.8536
18.0302	16.8493
18.197	16.8454
18.3654	16.843
18.5353	16.8417
18.7068	16.8407
18.8799	16.839
19.0546	16.8365
19.2309	16.8336
19.4089	16.8306
19.5884	16.8278
19.7697	16.825
19.9526	16.8226
20.1372	16.8202
20.3236	16.8178
20.5116	16.815
20.7014	16.8122
20.893	16.8094
21.0863	16.8069
21.2814	16.8047
21.4783	16.8026
21.677	16.8004
21.8776	16.798
22.08	16.7955
22.2844	16.7931
22.4905	16.7909
22.6986	16.7886
22.9087	16.7864
23.1206	16.7841
23.3346	16.782
23.5505	16.78
23.7684	16.7783
23.9883	16.7764
24.2103	16.7743
24.4343	16.7719
24.6604	16.7695
24.8886	16.7673
25.1189	16.7653
25.3513	16.7635
25.5859	16.7616
25.8226	16.7596
26.0615	16.7575
26.3027	16.7555
26.5461	16.7534
26.7917	16.7515
27.0396	16.7497
27.2898	16.7481
27.5423	16.7464
27.7971	16.7445
28.0543	16.7425
28.3139	16.7406
28.5759	16.7394
28.8403	16.7385
29.1072	16.7367
29.3765	16.7325
29.6483	16.7272
29.9226	16.7252
30.1995	16.7319
30.4789	16.7464
30.761	16.7581
31.0456	16.7553
31.3329	16.7342
31.6228	16.7081
31.9154	16.6926
32.2107	16.695
32.5087	16.7067
32.8095	16.7166
33.1131	16.718
33.4195	16.7139
33.7287	16.709
34.0408	16.7066
34.3558	16.7058
34.6737	16.7054
34.9945	16.7044
35.3183	16.703
35.6451	16.7013
35.9749	16.6996
36.3078	16.698
36.6438	16.6965
36.9828	16.695
37.325	16.6936
37.6704	16.6924
38.0189	16.6913
38.3707	16.6901
38.7258	16.6885
39.0841	16.6865
39.4457	16.6847
39.8107	16.6837
40.1791	16.6838
40.5509	16.6835
40.9261	16.6808
41.3048	16.6746
41.6869	16.6673
42.0727	16.6628
42.462	16.664
42.8548	16.6687
43.2514	16.6733
43.6516	16.6744
44.0555	16.6727
44.4631	16.6701
44.8745	16.6684
45.2898	16.6675
45.7088	16.6669
46.1318	16.666
46.5586	16.6647
46.9894	16.6633
47.4242	16.6621
47.863	16.6609
48.3059	16.6599
48.7528	16.659
49.204	16.6582
49.6592	16.6572
50.1187	16.6559
50.5825	16.6547
51.0505	16.6538
51.5229	16.6536
51.9996	16.6538
52.4807	16.6536
52.9663	16.6524
53.4564	16.6504
53.9511	16.6481
54.4503	16.646
54.9541	16.6445
55.4626	16.6433
55.9758	16.6424
56.4937	16.6418
57.0164	16.6414
57.544	16.6413
58.0764	16.6411
58.6138	16.6401
59.1562	16.638
59.7035	16.6358
60.256	16.6359
60.8135	16.6408
61.3762	16.6474
61.9441	16.6478
62.5173	16.634
63.0957	16.609
63.6796	16.587
64.2688	16.5829
64.8634	16.5984
65.4636	16.6205
66.0694	16.6349
66.6807	16.6368
67.2977	16.6319
67.9204	16.6271
68.5488	16.6253
69.1831	16.6248
69.8232	16.6235
70.4693	16.6207
71.1214	16.6181
71.7794	16.6172
72.4436	16.6187
73.1139	16.6209
73.7904	16.6223
74.4732	16.6221
75.1623	16.6209
75.8578	16.6195
76.5597	16.6183
77.2681	16.6175
77.983	16.6168
78.7046	16.6162
79.4328	16.6156
80.1678	16.6149
80.9096	16.614
81.6582	16.6132
82.4138	16.6126
83.1764	16.6122
83.946	16.612
84.7227	16.6117
85.5067	16.6111
86.2979	16.6105
87.0964	16.6099
87.9023	16.6093
88.7156	16.6088
89.5365	16.6083
90.3649	16.6076
91.2011	16.607
92.045	16.6063
92.8967	16.6058
93.7562	16.6053
94.6237	16.6049
95.4993	16.6046
96.3829	16.6041
97.2747	16.6031
98.1748	16.6014
99.0832	16.5987
