0.1	0.403633
0.100925	0.407771
0.101859	0.411949
0.102802	0.416168
0.103753	0.420422
0.104713	0.424717
0.105682	0.429052
0.10666	0.433427
0.107647	0.437842
0.108643	0.442298
0.109648	0.446794
0.110662	0.456918
0.111686	0.471502
0.11272	0.48623
0.113763	0.501085
0.114815	0.516069
0.115878	0.531209
0.11695	0.546477
0.118032	0.561888
0.119124	0.577442
0.120226	0.593137
0.121339	0.60899
0.122462	0.624985
0.123595	0.641122
0.124738	0.657402
0.125893	0.673852
0.127057	0.690431
0.128233	0.707181
0.12942	0.724087
0.130617	0.741136
0.131826	0.758356
0.133045	0.775718
0.134277	0.793265
0.135519	0.810955
0.136773	0.828816
0.138038	0.846833
0.139316	0.865036
0.140605	0.883395
0.141906	0.901925
0.143219	0.920626
0.144544	0.939498
0.145881	0.958541
0.147231	0.977769
0.148594	0.997182
0.149968	1.01675
0.151356	1.03652
0.152757	1.05648
0.15417	1.0766
0.155597	1.09693
0.157036	1.11742
0.158489	1.13812
0.159956	1.15901
0.161436	1.18009
0.16293	1.20137
0.164437	1.22283
0.165959	1.24451
0.167494	1.26637
0.169044	1.28845
0.170608	1.31073
0.172187	1.33322
0.17378	1.35591
0.175388	1.37881
0.177011	1.40192
0.178649	1.42525
0.180302	1.4488
0.18197	1.47256
0.183654	1.49654
0.185353	1.52074
0.187068	1.54517
0.188799	1.56982
0.190546	1.5947
0.192309	1.61981
0.194089	1.64517
0.195884	1.67073
0.197697	1.69655
0.199526	1.72261
0.201372	1.7489
0.203236	1.77545
0.205116	1.80222
0.207014	1.82926
0.20893	1.85655
0.210863	1.88614
0.212814	1.91984
0.214783	1.95384
0.21677	1.98816
0.218776	2.0228
0.2208	2.05775
0.222844	2.09305
0.224905	2.12864
0.226986	2.16458
0.229087	2.20087
0.231206	2.23746
0.233346	2.27442
0.235505	2.3117
0.237684	2.34933
0.239883	2.38731
0.242103	2.42565
0.244343	2.46433
0.246604	2.50338
0.248886	2.54279
0.251189	2.58256
0.253513	2.62269
0.255859	2.66321
0.258226	2.70409
0.260615	2.74534
0.263027	2.787
0.265461	2.82903
0.267917	2.87145
0.270396	2.91426
0.272898	2.95747
0.275423	3.00107
0.277971	3.04507
0.280543	3.08949
0.283139	3.13432
0.285759	3.17957
0.288403	3.22523
0.291072	3.27132
0.293765	3.31783
0.296483	3.36477
0.299226	3.41214
0.301995	3.45996
0.30479	3.50823
0.30761	3.55693
0.310456	3.60591
0.313329	3.653
0.316228	3.70051
0.319154	3.74847
0.322107	3.79687
0.325087	3.84571
0.328095	3.89501
0.331131	3.94477
0.334195	3.99498
0.337287	4.04566
0.340408	4.09681
0.343558	4.14844
0.346737	4.20054
0.349945	4.25312
0.353183	4.30618
0.356451	4.35975
0.359749	4.4138
0.363078	4.46836
0.366438	4.52343
0.369828	4.57899
0.37325	4.63507
0.376704	4.69168
0.380189	4.7488
0.383707	4.80645
0.387258	4.86465
0.390841	4.92338
0.394457	4.98264
0.398107	5.04246
0.401791	5.10284
0.405509	5.16378
0.409261	5.22527
0.413047	5.28776
0.416869	5.35103
0.420727	5.4149
0.42462	5.47934
0.428549	5.54438
0.432514	5.61002
0.436516	5.67627
0.440555	5.74313
0.444631	5.8106
0.448745	5.8787
0.452898	5.94745
0.457088	6.01681
0.461318	6.08683
0.465586	6.15749
0.469894	6.2288
0.474242	6.30078
0.47863	6.37342
0.483059	6.44673
0.487528	6.52071
0.49204	6.5954
0.496592	6.67076
0.501187	6.74682
0.505825	6.8236
0.510505	6.90104
0.515229	6.97663
0.519996	7.05292
0.524807	7.1299
0.529663	7.20761
0.534564	7.28603
0.539511	7.36519
0.544503	7.44508
0.549541	7.52569
0.554626	7.60706
0.559758	7.68919
0.564937	7.77206
0.570164	7.8557
0.57544	7.94013
0.580764	8.02532
0.586138	8.11132
0.591562	8.19811
0.597035	8.28569
0.60256	8.3741
0.608135	8.46331
0.613762	8.54922
0.619441	8.63281
0.625173	8.71719
0.630957	8.80232
0.636796	8.88827
0.642688	8.975
0.648634	9.06252
0.654636	9.15086
0.660693	9.24002
0.666807	9.33001
0.672977	9.42083
0.679204	9.51249
0.685488	9.60498
0.691831	9.69835
0.698232	9.79257
0.704693	9.88767
0.711214	9.98292
0.717794	10.0715
0.724436	10.1609
0.731139	10.2511
0.737904	10.3422
0.744732	10.4341
0.751623	10.5269
0.758578	10.6205
0.765597	10.715
0.772681	10.8103
0.77983	10.9066
0.787046	11.0037
0.794328	11.1017
0.801678	11.2007
0.809096	11.3005
0.816582	11.3964
0.824138	11.4919
0.831764	11.5882
0.83946	11.6854
0.847227	11.7835
0.855067	11.8826
0.862979	11.9825
0.870964	12.0834
0.879023	12.1852
0.887156	12.2879
0.895365	12.3916
0.903649	12.4963
0.912011	12.6013
0.92045	12.7034
0.928966	12.8066
0.937562	12.9106
0.946237	13.0157
0.954993	13.1217
0.963829	13.2287
0.972747	13.3367
0.981748	13.4456
0.990832	13.5556
1	13.6666
1.00925	13.7786
1.01859	13.8899
1.02802	14.0018
1.03753	14.1147
1.04713	14.2286
1.05682	14.3436
1.0666	14.4597
1.07647	14.5768
1.08643	14.695
1.09648	14.8143
1.10662	14.9346
1.11686	15.0549
1.1272	15.1754
1.13763	15.297
1.14815	15.4196
1.15878	15.5434
1.1695	15.6684
1.18032	15.7945
1.19124	15.9218
1.20226	16.0502
1.21339	16.1793
1.22462	16.307
1.23595	16.4358
1.24738	16.5658
1.25893	16.6971
1.27057	16.8294
1.28233	16.9632
1.2942	17.0981
1.30617	17.2342
1.31826	17.37
1.33045	17.5056
1.34276	17.6425
1.35519	17.7808
1.36773	17.9203
1.38038	18.061
1.39316	18.2032
1.40605	18.3466
1.41906	18.4897
1.43219	18.6331
1.44544	18.7778
1.45881	18.9238
1.47231	19.0712
1.48594	19.2201
1.49968	19.3701
1.51356	19.5214
1.52757	19.6724
1.5417	19.8247
1.55597	19.9786
1.57036	20.1337
1.58489	20.2904
1.59956	20.4485
1.61436	20.6077
1.6293	20.7668
1.64437	20.9273
1.65959	21.0894
1.67494	21.2528
1.69044	21.4179
1.70608	21.5844
1.72187	21.7511
1.7378	21.9184
1.75388	22.0873
1.77011	22.2578
1.78649	22.4298
1.80302	22.6034
1.8197	22.7778
1.83654	22.9529
1.85353	23.1296
1.87068	23.308
1.88799	23.488
1.90546	23.6696
1.92309	23.8519
1.94089	24.0353
1.95884	24.2203
1.97697	24.4071
1.99526	24.5955
2.01372	24.7856
2.03236	24.9758
2.05116	25.1677
2.07014	25.3615
2.0893	25.5571
2.10863	25.7544
2.12814	25.952
2.14783	26.1512
2.1677	26.3522
2.18776	26.5551
2.208	26.7598
2.22844	26.9652
2.24905	27.1721
2.26986	27.3809
2.29087	27.5917
2.31206	27.8044
2.33346	28.0176
2.35505	28.2327
2.37684	28.4498
2.39883	28.6689
2.42103	28.8895
2.44343	29.111
2.46604	29.3347
2.48886	29.5603
2.51189	29.7881
2.53513	30.0163
2.55859	30.2466
2.58226	30.479
2.60615	30.7135
2.63027	30.9491
2.65461	31.1864
2.67917	31.4258
2.70396	31.6674
2.72898	31.9104
2.75423	32.1551
2.77971	32.402
2.80543	32.6513
2.83139	32.9023
2.85759	33.1553
2.88403	33.4107
2.91072	33.6684
2.93765	33.9275
2.96483	34.1889
2.99226	34.4527
3.01995	34.7185
3.04789	34.9852
3.0761	35.2546
3.10456	35.5263
3.13329	35.7991
3.16228	36.0737
3.19154	36.3509
3.22107	36.6302
3.25087	36.9111
3.28095	37.1947
3.31131	37.4808
3.34195	37.7689
3.37287	38.0596
3.40408	38.353
3.43558	38.6485
3.46737	38.9465
3.49945	39.2472
3.53183	39.55
3.56451	39.8552
3.59749	40.1631
3.63078	40.4733
3.66438	40.7857
3.69828	41.101
3.7325	41.4186
3.76704	41.7386
3.80189	42.0616
3.83707	42.387
3.87258	42.7152
3.90841	43.0463
3.94457	43.3798
3.98107	43.7164
4.01791	44.056
4.05509	44.398
4.09261	44.7431
4.13047	45.0908
4.16869	45.4413
4.20727	45.7951
4.2462	46.1512
4.28549	46.5104
4.32514	46.8726
4.36516	47.2375
4.40555	47.6057
4.44631	47.9767
4.48745	48.351
4.52898	48.7285
4.57088	49.1088
4.61318	49.4928
4.65586	49.8796
4.69894	50.27
4.74242	50.6636
4.7863	51.0605
4.83059	51.4609
4.87529	51.8647
4.9204	52.272
4.96592	52.6824
5.01187	53.0968
5.05825	53.5143
5.10505	53.9355
5.15229	54.36
5.19996	54.7882
5.24807	55.2197
5.29663	55.655
5.34564	56.0939
5.39511	56.5367
5.44503	56.9832
5.49541	57.4336
5.54626	57.8881
5.59758	58.3468
5.64937	58.8096
5.70164	59.2768
5.7544	59.7484
5.80764	60.2241
5.86138	60.704
5.91562	61.1883
5.97035	61.6761
6.0256	62.1683
6.08135	62.664
6.13762	63.1637
6.19441	63.6671
6.25173	64.1746
6.30957	64.6862
6.36796	65.202
6.42688	65.7224
6.48634	66.2472
6.54636	66.7769
6.60693	67.3115
6.66807	67.8512
6.72977	68.3958
6.79204	68.9455
6.85488	69.5001
6.91831	70.0599
6.98232	70.6245
7.04693	71.1942
7.11214	71.7689
7.17794	72.3484
7.24436	72.933
7.31139	73.5227
7.37904	74.1175
7.44732	74.7176
7.51623	75.323
7.58578	75.9337
7.65597	76.5498
7.72681	77.1714
7.7983	77.7985
7.87046	78.4312
7.94328	79.0695
8.01678	79.7135
8.09096	80.3633
8.16582	81.0187
8.24138	81.68
8.31764	82.3473
8.3946	83.0203
8.47227	83.6992
8.55067	84.3843
8.62979	85.0754
8.70964	85.7725
8.79023	86.4757
8.87156	87.1851
8.95365	87.9007
9.03649	88.6227
9.12011	89.3511
9.2045	90.086
9.28966	90.8275
9.37562	91.5759
9.46237	92.3311
9.54993	93.0935
9.63829	93.8628
9.72747	94.6394
9.81748	95.4233
9.90832	96.2143
10	97.0126
10.0925	97.8179
10.1859	98.6307
10.2802	99.4511
10.3753	100.278
10.4713	101.112
10.5682	101.954
10.666	102.803
10.7647	103.66
10.8643	104.524
10.9648	105.396
11.0662	106.275
11.1686	107.163
11.272	108.059
11.3763	108.963
11.4815	109.874
11.5878	110.795
11.695	111.723
11.8032	112.659
11.9124	113.604
12.0226	114.557
12.1339	115.52
12.2462	116.491
12.3595	117.47
12.4738	118.458
12.5893	119.456
12.7057	120.462
12.8233	121.478
12.942	122.503
13.0617	123.537
13.1826	124.581
13.3045	125.634
13.4277	126.699
13.5519	127.771
13.6773	128.854
13.8038	129.947
13.9316	131.05
14.0605	132.162
14.1906	133.285
14.3219	134.418
14.4544	135.561
14.5881	136.714
14.7231	137.877
14.8594	139.052
14.9968	140.236
15.1356	141.431
15.2757	142.637
15.417	143.853
15.5597	145.081
15.7036	146.319
15.8489	147.568
15.9956	148.83
16.1436	150.102
16.293	151.386
16.4437	152.682
16.5959	153.99
16.7494	155.31
16.9044	156.642
17.0608	157.986
17.2187	159.342
17.378	160.711
17.5388	162.091
17.7011	163.485
17.8649	164.891
18.0302	166.309
18.197	167.74
18.3654	169.184
18.5353	170.642
18.7068	172.112
18.8799	173.597
19.0546	175.095
19.2309	176.607
19.4089	178.134
19.5884	179.673
19.7697	181.228
19.9526	182.796
20.1372	184.378
20.3236	185.975
20.5116	187.586
20.7014	189.211
20.893	190.851
21.0863	192.506
21.2814	194.175
21.4783	195.86
21.677	197.559
21.8776	199.275
22.08	201.005
22.2844	202.753
22.4905	204.515
22.6986	206.294
22.9087	208.09
23.1206	209.901
23.3346	211.73
23.5505	213.575
23.7684	215.437
23.9883	217.317
24.2103	219.214
24.4343	221.128
24.6604	223.06
24.8886	225.009
25.1189	226.976
25.3513	228.96
25.5859	230.963
25.8226	232.983
26.0615	235.02
26.3027	237.077
26.5461	239.153
26.7917	241.247
27.0396	243.36
27.2898	245.493
27.5423	247.645
27.7971	249.817
28.0543	252.01
28.3139	254.224
28.5759	256.457
28.8403	258.711
29.1072	260.986
29.3765	263.281
29.6483	265.596
29.9226	267.931
30.1995	270.288
30.4789	272.665
30.761	275.063
31.0456	277.483
31.3329	279.924
31.6228	282.388
31.9154	284.874
32.2107	287.383
32.5087	289.915
32.8095	292.47
33.1131	295.05
33.4195	297.653
33.7287	300.28
34.0408	302.932
34.3558	305.608
34.6737	308.307
34.9945	311.031
35.3183	313.78
35.6451	316.554
35.9749	319.353
36.3078	322.178
36.6438	325.028
36.9828	327.903
37.325	330.805
37.6704	333.733
38.0189	336.687
38.3707	339.668
38.7258	342.677
39.0841	345.713
39.4457	348.776
39.8107	351.868
40.1791	354.988
40.5509	358.136
40.9261	361.313
41.3048	364.519
41.6869	367.754
42.0727	371.019
42.462	374.314
42.8548	377.638
43.2514	380.993
43.6516	384.379
44.0555	387.795
44.4631	391.242
44.8745	394.721
45.2898	398.231
45.7088	401.772
46.1318	405.346
46.5586	408.951
46.9894	412.589
47.4242	416.26
47.863	419.963
48.3059	423.7
48.7528	427.47
49.204	431.276
49.6592	435.115
50.1187	438.991
50.5825	442.902
51.0505	446.849
51.5229	450.833
51.9996	454.854
52.4807	458.911
52.9663	463.005
53.4564	467.137
53.9511	471.307
54.4503	475.514
54.9541	479.758
55.4626	484.041
55.9758	488.362
56.4937	492.721
57.0164	497.119
57.544	501.557
58.0764	506.034
58.6138	510.552
59.1562	515.11
59.7035	519.708
60.256	524.348
60.8135	529.03
61.3762	533.755
61.9441	538.523
62.5173	543.335
63.0957	548.192
63.6796	553.095
64.2688	558.044
64.8634	563.038
65.4636	568.079
66.0694	573.167
66.6807	578.3
67.2977	583.481
67.9204	588.707
68.5488	593.98
69.1831	599.3
69.8232	604.667
70.4693	610.082
71.1214	615.546
71.7794	621.057
72.4436	626.619
73.1139	632.231
73.7904	637.893
74.4732	643.607
75.1623	649.372
75.8578	655.19
76.5597	661.06
77.2681	666.984
77.983	672.961
78.7046	678.992
79.4328	685.079
80.1678	691.221
80.9096	697.419
81.6582	703.672
82.4138	709.984
83.1764	716.352
83.946	722.777
84.7227	729.26
85.5067	735.802
86.2979	742.402
87.0964	749.061
87.9023	755.78
88.7156	762.56
89.5365	769.4
90.3649	776.302
91.2011	783.268
92.045	790.297
92.8967	797.39
93.7562	804.547
94.6237	811.77
95.4993	819.059
96.3829	826.414
97.2747	833.835
98.1748	841.323
99.0832	848.878
