0.1	0.0233253
0.100925	0.023565
0.101859	0.0238071
0.102802	0.0240515
0.103753	0.024298
0.104713	0.0245468
0.105682	0.0247979
0.10666	0.0250514
0.107647	0.0253072
0.108643	0.0255653
0.109648	0.0258258
0.110662	0.0280724
0.111686	0.0318898
0.11272	0.0357445
0.113763	0.0396328
0.114815	0.0435546
0.115878	0.0475174
0.11695	0.0515138
0.118032	0.0555475
0.119124	0.0596184
0.120226	0.0637266
0.121339	0.0678758
0.122462	0.0720623
0.123595	0.0762861
0.124738	0.0805472
0.125893	0.084853
0.127057	0.0891923
0.128233	0.0935764
0.12942	0.0980015
0.130617	0.102464
0.131826	0.106971
0.133045	0.111515
0.134277	0.116108
0.135519	0.120738
0.136773	0.125413
0.138038	0.130129
0.139316	0.134893
0.140605	0.139699
0.141906	0.144549
0.143219	0.149444
0.144544	0.154383
0.145881	0.159367
0.147231	0.1644
0.148594	0.169481
0.149968	0.174604
0.151356	0.179778
0.152757	0.185001
0.15417	0.190269
0.155597	0.195588
0.157036	0.200953
0.158489	0.20637
0.159956	0.211839
0.161436	0.217356
0.16293	0.222925
0.164437	0.228543
0.165959	0.234217
0.167494	0.23994
0.169044	0.245718
0.170608	0.251549
0.172187	0.257435
0.17378	0.263374
0.175388	0.269368
0.177011	0.275419
0.178649	0.281525
0.180302	0.287688
0.18197	0.293906
0.183654	0.300184
0.185353	0.306518
0.187068	0.312911
0.188799	0.319364
0.190546	0.325877
0.192309	0.332449
0.194089	0.339085
0.195884	0.345777
0.197697	0.352535
0.199526	0.359354
0.201372	0.366236
0.203236	0.373185
0.205116	0.380193
0.207014	0.387269
0.20893	0.394412
0.210863	0.402673
0.212814	0.412961
0.214783	0.423344
0.21677	0.433822
0.218776	0.4444
0.2208	0.455073
0.222844	0.465851
0.224905	0.47672
0.226986	0.487693
0.229087	0.498772
0.231206	0.509946
0.233346	0.521231
0.235505	0.532616
0.237684	0.544106
0.239883	0.555702
0.242103	0.567408
0.244343	0.57922
0.246604	0.591143
0.248886	0.603177
0.251189	0.615321
0.253513	0.627576
0.255859	0.639947
0.258226	0.652429
0.260615	0.665026
0.263027	0.677745
0.265461	0.69058
0.267917	0.703531
0.270396	0.716604
0.272898	0.729797
0.275423	0.743112
0.277971	0.756548
0.280543	0.770111
0.283139	0.7838
0.285759	0.797616
0.288403	0.811559
0.291072	0.825633
0.293765	0.839834
0.296483	0.854166
0.299226	0.868631
0.301995	0.883232
0.30479	0.897971
0.30761	0.912841
0.310456	0.92792
0.313329	0.944169
0.316228	0.960564
0.319154	0.977113
0.322107	0.993814
0.325087	1.01067
0.328095	1.02768
0.331131	1.04485
0.334195	1.06218
0.337287	1.07967
0.340408	1.09732
0.343558	1.11513
0.346737	1.13311
0.349945	1.15126
0.353183	1.16957
0.356451	1.18805
0.359749	1.2067
0.363078	1.22553
0.366438	1.24453
0.369828	1.26371
0.37325	1.28306
0.376704	1.30259
0.380189	1.3223
0.383707	1.3422
0.387258	1.36228
0.390841	1.38255
0.394457	1.403
0.398107	1.42364
0.401791	1.44448
0.405509	1.46551
0.409261	1.48673
0.413047	1.5082
0.416869	1.5299
0.420727	1.55181
0.42462	1.57391
0.428549	1.59622
0.432514	1.61873
0.436516	1.64146
0.440555	1.66439
0.444631	1.68753
0.448745	1.71089
0.452898	1.73447
0.457088	1.75827
0.461318	1.78228
0.465586	1.80652
0.469894	1.83098
0.474242	1.85567
0.47863	1.88058
0.483059	1.90573
0.487528	1.93111
0.49204	1.95672
0.496592	1.98257
0.501187	2.00866
0.505825	2.035
0.510505	2.06157
0.515229	2.08881
0.519996	2.1163
0.524807	2.14404
0.529663	2.17204
0.534564	2.2003
0.539511	2.22882
0.544503	2.25761
0.549541	2.28666
0.554626	2.31598
0.559758	2.34557
0.564937	2.37543
0.570164	2.40557
0.57544	2.43599
0.580764	2.46669
0.586138	2.49767
0.591562	2.52895
0.597035	2.56051
0.60256	2.59236
0.608135	2.62451
0.613762	2.65498
0.619441	2.68424
0.625173	2.71378
0.630957	2.74358
0.636796	2.77367
0.642688	2.80402
0.648634	2.83466
0.654636	2.86559
0.660693	2.8968
0.666807	2.9283
0.672977	2.9601
0.679204	2.99218
0.685488	3.02456
0.691831	3.05725
0.698232	3.09023
0.704693	3.12352
0.711214	3.15744
0.717794	3.195
0.724436	3.23291
0.731139	3.27118
0.737904	3.30979
0.744732	3.34876
0.751623	3.3881
0.758578	3.4278
0.765597	3.46786
0.772681	3.50829
0.77983	3.5491
0.787046	3.59029
0.794328	3.63185
0.801678	3.67381
0.809096	3.71615
0.816582	3.75441
0.824138	3.79177
0.831764	3.82948
0.83946	3.86754
0.847227	3.90595
0.855067	3.94472
0.862979	3.98384
0.870964	4.02333
0.879023	4.06318
0.887156	4.1034
0.895365	4.14399
0.903649	4.18496
0.912011	4.22556
0.92045	4.26208
0.928966	4.29893
0.937562	4.33613
0.946237	4.37366
0.954993	4.41155
0.963829	4.44979
0.972747	4.48838
0.981748	4.52732
0.990832	4.56663
1	4.6063
1.00925	4.64633
1.01859	4.67949
1.02802	4.71139
1.03753	4.74357
1.04713	4.77605
1.05682	4.80883
1.0666	4.84192
1.07647	4.87531
1.08643	4.90901
1.09648	4.94301
1.10662	4.97732
1.11686	5.01909
1.1272	5.06661
1.13763	5.11456
1.14815	5.16291
1.15878	5.21177
1.1695	5.26105
1.18032	5.31078
1.19124	5.36097
1.20226	5.41163
1.21339	5.45994
1.22462	5.49772
1.23595	5.53584
1.24738	5.57429
1.25893	5.61314
1.27057	5.6523
1.28233	5.69186
1.2942	5.7318
1.30617	5.77207
1.31826	5.81225
1.33045	5.85241
1.34276	5.89297
1.35519	5.93393
1.36773	5.97525
1.38038	6.01693
1.39316	6.05903
1.40605	6.10151
1.41906	6.14072
1.43219	6.17783
1.44544	6.21529
1.45881	6.25308
1.47231	6.29124
1.48594	6.32977
1.49968	6.3686
1.51356	6.40928
1.52757	6.45799
1.5417	6.50713
1.55597	6.55675
1.57036	6.60679
1.58489	6.65731
1.59956	6.70832
1.61436	6.756
1.6293	6.78853
1.64437	6.82135
1.65959	6.85449
1.67494	6.88792
1.69044	6.92167
1.70608	6.95573
1.72187	6.98563
1.7378	7.01341
1.75388	7.04145
1.77011	7.06974
1.78649	7.09831
1.80302	7.12713
1.8197	7.16249
1.83654	7.20494
1.85353	7.24777
1.87068	7.291
1.88799	7.33464
1.90546	7.37868
1.92309	7.41847
1.94089	7.45606
1.95884	7.49397
1.97697	7.53227
1.99526	7.5709
2.01372	7.60986
2.03236	7.64898
2.05116	7.68843
2.07014	7.72826
2.0893	7.76847
2.10863	7.80903
2.12814	7.8406
2.14783	7.87057
2.1677	7.90081
2.18776	7.93133
2.208	7.96214
2.22844	7.99785
2.24905	8.03499
2.26986	8.07249
2.29087	8.11036
2.31206	8.14854
2.33346	8.17817
2.35505	8.20805
2.37684	8.23822
2.39883	8.26866
2.42103	8.30689
2.44343	8.35684
2.46604	8.40726
2.48886	8.45815
2.51189	8.50951
2.53513	8.53073
2.55859	8.55166
2.58226	8.57279
2.60615	8.5941
2.63027	8.62073
2.65461	8.64937
2.67917	8.67827
2.70396	8.70744
2.72898	8.73733
2.75423	8.76772
2.77971	8.79839
2.80543	8.82935
2.83139	8.86956
2.85759	8.91355
2.88403	8.95794
2.91072	9.00275
2.93765	9.02525
2.96483	9.04622
2.99226	9.06739
3.01995	9.08749
3.04789	9.10417
3.0761	9.12102
3.10456	9.13801
3.13329	9.19414
3.16228	9.26659
3.19154	9.3397
3.22107	9.39775
3.25087	9.41491
3.28095	9.43222
3.31131	9.4497
3.34195	9.46828
3.37287	9.48708
3.40408	9.50605
3.43558	9.52549
3.46737	9.54522
3.49945	9.56514
3.53183	9.58084
3.56451	9.59344
3.59749	9.60615
3.63078	9.62544
3.66438	9.65076
3.69828	9.6763
3.7325	9.71422
3.76704	9.76211
3.80189	9.81042
3.83707	9.84534
3.87258	9.87376
3.90841	9.90244
3.94457	9.90369
3.98107	9.90035
4.01791	9.89747
4.05509	9.89821
4.09261	9.89895
4.13047	9.92327
4.16869	9.97774
4.20727	10.0327
4.2462	10.1068
4.28549	10.1854
4.32514	10.2502
4.36516	10.2786
4.40555	10.3074
4.44631	10.3121
4.48745	10.3105
4.52898	10.3082
4.57088	10.3048
4.61318	10.3013
4.65586	10.3057
4.69894	10.3103
4.74242	10.328
4.7863	10.353
4.83059	10.3871
4.87529	10.4371
4.9204	10.4854
4.96592	10.5204
5.01187	10.5558
5.05825	10.5543
5.10505	10.5504
5.15229	10.5555
5.19996	10.5629
5.24807	10.596
5.29663	10.6409
5.34564	10.6826
5.39511	10.7226
5.44503	10.7474
5.49541	10.7621
5.54626	10.7785
5.59758	10.7961
5.64937	10.8231
5.70164	10.8553
5.7544	10.8788
5.80764	10.8994
5.86138	10.8953
5.91562	10.887
5.97035	10.8628
6.0256	10.8385
6.08135	10.8144
6.13762	10.7943
6.19441	10.7808
6.25173	10.7796
6.30957	10.7857
6.36796	10.8124
6.42688	10.8459
6.48634	10.8983
6.54636	10.9567
6.60693	11.0209
6.66807	11.0715
6.72977	11.1119
6.79204	11.1241
6.85488	11.1278
6.91831	11.1267
6.98232	11.1447
7.04693	11.1751
7.11214	11.2193
7.17794	11.2613
7.24436	11.2913
7.31139	11.3046
7.37904	11.2997
7.44732	11.2957
7.51623	11.2946
7.58578	11.316
7.65597	11.3447
7.72681	11.3788
7.7983	11.4106
7.87046	11.4348
7.94328	11.4558
8.01678	11.4756
8.09096	11.5038
8.16582	11.5383
8.24138	11.575
8.31764	11.6087
8.3946	11.6223
8.47227	11.6183
8.55067	11.6024
8.62979	11.5813
8.70964	11.5657
8.79023	11.5657
8.87156	11.5744
8.95365	11.5868
9.03649	11.5974
9.12011	11.6011
9.2045	11.5976
9.28966	11.5928
9.37562	11.5904
9.46237	11.5935
9.54993	11.6046
9.63829	11.6257
9.72747	11.6585
9.81748	11.7043
9.90832	11.7574
10	11.8085
10.0925	11.8496
10.1859	11.876
10.2802	11.8899
10.3753	11.8966
10.4713	11.9018
10.5682	11.9099
10.666	11.9214
10.7647	11.9349
10.8643	11.9488
10.9648	11.9617
11.0662	11.9734
11.1686	11.9845
11.272	11.9954
11.3763	12.0063
11.4815	12.0175
11.5878	12.0288
11.695	12.04
11.8032	12.051
11.9124	12.062
12.0226	12.0728
12.1339	12.0835
12.2462	12.0941
12.3595	12.1046
12.4738	12.1151
12.5893	12.1254
12.7057	12.1357
12.8233	12.1459
12.942	12.1559
13.0617	12.1659
13.1826	12.1758
13.3045	12.1856
13.4277	12.1953
13.5519	12.205
13.6773	12.2146
13.8038	12.2241
13.9316	12.2335
14.0605	12.2429
14.1906	12.2522
14.3219	12.2615
14.4544	12.2707
14.5881	12.2798
14.7231	12.2889
14.8594	12.2978
14.9968	12.3067
15.1356	12.3154
15.2757	12.3241
15.417	12.3326
15.5597	12.341
15.7036	12.3494
15.8489	12.3578
15.9956	12.3661
16.1436	12.3743
16.293	12.3825
16.4437	12.3905
16.5959	12.3985
16.7494	12.4065
16.9044	12.4147
17.0608	12.4231
17.2187	12.4315
17.378	12.4392
17.5388	12.4461
17.7011	12.4514
17.8649	12.4559
18.0302	12.4604
18.197	12.4661
18.3654	12.4739
18.5353	12.4834
18.7068	12.4938
18.8799	12.5039
19.0546	12.5129
19.2309	12.5204
19.4089	12.5271
19.5884	12.5333
19.7697	12.5397
19.9526	12.5462
20.1372	12.5529
20.3236	12.5595
20.5116	12.566
20.7014	12.5724
20.893	12.5788
21.0863	12.5851
21.2814	12.5915
21.4783	12.5979
21.677	12.6044
21.8776	12.6107
22.08	12.617
22.2844	12.6231
22.4905	12.6292
22.6986	12.6352
22.9087	12.6412
23.1206	12.6472
23.3346	12.6532
23.5505	12.659
23.7684	12.6648
23.9883	12.6704
24.2103	12.6759
24.4343	12.6813
24.6604	12.6868
24.8886	12.6923
25.1189	12.6978
25.3513	12.7032
25.5859	12.7085
25.8226	12.7137
26.0615	12.7189
26.3027	12.7242
26.5461	12.7296
26.7917	12.7351
27.0396	12.7405
27.2898	12.7457
27.5423	12.7506
27.7971	12.7552
28.0543	12.7597
28.3139	12.7641
28.5759	12.7686
28.8403	12.7733
29.1072	12.7781
29.3765	12.7831
29.6483	12.7881
29.9226	12.7932
30.1995	12.7981
30.4789	12.8029
30.761	12.8074
31.0456	12.8116
31.3329	12.8156
31.6228	12.8198
31.9154	12.8241
32.2107	12.8286
32.5087	12.8331
32.8095	12.8373
33.1131	12.841
33.4195	12.8443
33.7287	12.8481
34.0408	12.8532
34.3558	12.8605
34.6737	12.8695
34.9945	12.8788
35.3183	12.8864
35.6451	12.8907
35.9749	12.8911
36.3078	12.8895
36.6438	12.8875
36.9828	12.8871
37.325	12.889
37.6704	12.8927
38.0189	12.8972
38.3707	12.9019
38.7258	12.9063
39.0841	12.9104
39.4457	12.9142
39.8107	12.9178
40.1791	12.9213
40.5509	12.9247
40.9261	12.928
41.3048	12.9313
41.6869	12.9346
42.0727	12.9379
42.462	12.9412
42.8548	12.9444
43.2514	12.9475
43.6516	12.9507
44.0555	12.9538
44.4631	12.9571
44.8745	12.9603
45.2898	12.9635
45.7088	12.9663
46.1318	12.9687
46.5586	12.9706
46.9894	12.9724
47.4242	12.9745
47.863	12.9773
48.3059	12.981
48.7528	12.9852
49.204	12.9894
49.6592	12.9933
50.1187	12.9964
50.5825	12.9992
51.0505	13.0016
51.5229	13.0041
51.9996	13.0066
52.4807	13.0093
52.9663	13.012
53.4564	13.0147
53.9511	13.0173
54.4503	13.0198
54.9541	13.0223
55.4626	13.0249
55.9758	13.0274
56.4937	13.03
57.0164	13.0326
57.544	13.0352
58.0764	13.0378
58.6138	13.0404
59.1562	13.0429
59.7035	13.0452
60.256	13.0473
60.8135	13.0493
61.3762	13.0514
61.9441	13.0536
62.5173	13.0561
63.0957	13.0586
63.6796	13.0611
64.2688	13.0634
64.8634	13.0653
65.4636	13.0672
66.0694	13.0691
66.6807	13.0713
67.2977	13.0739
67.9204	13.0763
68.5488	13.0778
69.1831	13.078
69.8232	13.0765
70.4693	13.0745
71.1214	13.0733
71.7794	13.0742
72.4436	13.0781
73.1139	13.0838
73.7904	13.0901
74.4732	13.0954
75.1623	13.0987
75.8578	13.1005
76.5597	13.1014
77.2681	13.1023
77.983	13.1037
78.7046	13.1055
79.4328	13.1075
80.1678	13.1096
80.9096	13.1115
81.6582	13.1132
82.4138	13.1148
83.1764	13.1165
83.946	13.1181
84.7227	13.1197
85.5067	13.1214
86.2979	13.1231
87.0964	13.1249
87.9023	13.1266
88.7156	13.1282
89.5365	13.1297
90.3649	13.1311
91.2011	13.1324
92.045	13.1338
92.8967	13.1352
93.7562	13.1368
94.6237	13.1385
95.4993	13.1403
96.3829	13.142
97.2747	13.1436
98.1748	13.1451
99.0832	13.1463
