0.1	0
0.100925	0
0.101859	0
0.102802	0
0.103753	0
0.104713	0
0.105682	0
0.10666	0
0.107647	0
0.108643	0
0.109648	0
0.110662	7.42925e-07
0.111686	2.07313e-06
0.11272	3.41632e-06
0.113763	4.7712e-06
0.114815	6.13777e-06
0.115878	7.51864e-06
0.11695	8.91119e-06
0.118032	1.03167e-05
0.119124	1.17353e-05
0.120226	1.31668e-05
0.121339	1.46126e-05
0.122462	1.60714e-05
0.123595	1.75432e-05
0.124738	1.9028e-05
0.125893	2.05284e-05
0.127057	2.20404e-05
0.128233	2.35681e-05
0.12942	2.511e-05
0.130617	2.6665e-05
0.131826	2.82355e-05
0.133045	2.9819e-05
0.134277	3.14194e-05
0.135519	3.30328e-05
0.136773	3.46618e-05
0.138038	3.6305e-05
0.139316	3.79652e-05
0.140605	3.96396e-05
0.141906	4.13297e-05
0.143219	4.30353e-05
0.144544	4.47565e-05
0.145881	4.64933e-05
0.147231	4.8247e-05
0.148594	5.00175e-05
0.149968	5.18024e-05
0.151356	5.36054e-05
0.152757	5.54254e-05
0.15417	5.72609e-05
0.155597	5.91146e-05
0.157036	6.09839e-05
0.158489	6.28714e-05
0.159956	6.4777e-05
0.161436	6.66996e-05
0.16293	6.86403e-05
0.164437	7.0598e-05
0.165959	7.25751e-05
0.167494	7.45691e-05
0.169044	7.65826e-05
0.170608	7.86143e-05
0.172187	8.06654e-05
0.17378	8.27348e-05
0.175388	8.48236e-05
0.177011	8.69319e-05
0.178649	8.90597e-05
0.180302	9.1207e-05
0.18197	9.33738e-05
0.183654	9.55613e-05
0.185353	9.77684e-05
0.187068	9.99962e-05
0.188799	0.000102245
0.190546	0.000104514
0.192309	0.000106804
0.194089	0.000109117
0.195884	0.000111448
0.197697	0.000113804
0.199526	0.000116179
0.201372	0.000118577
0.203236	0.000120999
0.205116	0.000123441
0.207014	0.000125907
0.20893	0.000128395
0.210863	0.000173448
0.212814	0.000297534
0.214783	0.000422765
0.21677	0.000549141
0.218776	0.000676726
0.2208	0.000805455
0.222844	0.000935456
0.224905	0.00106654
0.226986	0.00119889
0.229087	0.00133252
0.231206	0.00146729
0.233346	0.0016034
0.235505	0.00174071
0.237684	0.0018793
0.239883	0.00201916
0.242103	0.00216036
0.244343	0.00230282
0.246604	0.00244663
0.248886	0.00259176
0.251189	0.00273824
0.253513	0.00288605
0.255859	0.00303526
0.258226	0.0031858
0.260615	0.00333775
0.263027	0.00349115
0.265461	0.00364596
0.267917	0.00380216
0.270396	0.00395983
0.272898	0.00411896
0.275423	0.00427955
0.277971	0.00444161
0.280543	0.00460519
0.283139	0.0047703
0.285759	0.00493694
0.288403	0.0051051
0.291072	0.00527485
0.293765	0.00544613
0.296483	0.005619
0.299226	0.00579346
0.301995	0.00596957
0.30479	0.00614734
0.30761	0.00632669
0.310456	0.00655277
0.313329	0.00743257
0.316228	0.00832034
0.319154	0.00921637
0.322107	0.0101207
0.325087	0.0110332
0.328095	0.0119544
0.331131	0.0128841
0.334195	0.0138224
0.337287	0.0147693
0.340408	0.015725
0.343558	0.0166897
0.346737	0.0176632
0.349945	0.0186456
0.353183	0.0196371
0.356451	0.0206379
0.359749	0.0216479
0.363078	0.0226673
0.366438	0.0236963
0.369828	0.0247344
0.37325	0.0257823
0.376704	0.02684
0.380189	0.0279073
0.383707	0.0289846
0.387258	0.030072
0.390841	0.0311692
0.394457	0.0322766
0.398107	0.0333943
0.401791	0.0345225
0.405509	0.0356611
0.409261	0.03681
0.413047	0.038981
0.416869	0.0415906
0.420727	0.0442247
0.42462	0.0468827
0.428549	0.0495653
0.432514	0.0522724
0.436516	0.0550048
0.440555	0.0577625
0.444631	0.0605455
0.448745	0.0633544
0.452898	0.0661899
0.457088	0.0690507
0.461318	0.0719388
0.465586	0.0748528
0.469894	0.0777941
0.474242	0.0807628
0.47863	0.0837588
0.483059	0.0867827
0.487528	0.089834
0.49204	0.0929146
0.496592	0.0960226
0.501187	0.0991599
0.505825	0.102327
0.510505	0.105545
0.515229	0.110788
0.519996	0.116079
0.524807	0.121419
0.529663	0.126809
0.534564	0.132248
0.539511	0.137739
0.544503	0.14328
0.549541	0.148871
0.554626	0.154515
0.559758	0.160211
0.564937	0.165959
0.570164	0.171761
0.57544	0.177617
0.580764	0.183526
0.586138	0.18949
0.591562	0.195511
0.597035	0.201585
0.60256	0.207717
0.608135	0.213905
0.613762	0.221392
0.619441	0.229884
0.625173	0.238455
0.630957	0.247105
0.636796	0.255836
0.642688	0.264646
0.648634	0.273538
0.654636	0.282513
0.660693	0.29157
0.666807	0.300712
0.672977	0.309939
0.679204	0.31925
0.685488	0.328647
0.691831	0.338132
0.698232	0.347704
0.704693	0.357365
0.711214	0.367336
0.717794	0.379658
0.724436	0.392095
0.731139	0.404647
0.737904	0.417315
0.744732	0.4301
0.751623	0.443004
0.758578	0.456028
0.765597	0.469171
0.772681	0.482437
0.77983	0.495823
0.787046	0.509336
0.794328	0.522972
0.801678	0.536735
0.809096	0.550626
0.816582	0.56683
0.824138	0.583798
0.831764	0.600923
0.83946	0.618206
0.847227	0.635648
0.855067	0.653253
0.862979	0.671021
0.870964	0.688952
0.879023	0.70705
0.887156	0.725313
0.895365	0.743748
0.903649	0.762351
0.912011	0.781543
0.92045	0.803406
0.928966	0.825469
0.937562	0.847739
0.946237	0.870213
0.954993	0.892898
0.963829	0.91579
0.972747	0.938894
0.981748	0.962213
0.990832	0.985747
1	1.0095
1.00925	1.03346
1.01859	1.06032
1.02802	1.088
1.03753	1.11593
1.04713	1.14411
1.05682	1.17257
1.0666	1.20128
1.07647	1.23026
1.08643	1.2595
1.09648	1.28901
1.10662	1.31879
1.11686	1.35109
1.1272	1.3854
1.13763	1.42001
1.14815	1.45491
1.15878	1.49018
1.1695	1.52575
1.18032	1.56165
1.19124	1.59788
1.20226	1.63444
1.21339	1.67243
1.22462	1.71482
1.23595	1.75759
1.24738	1.80074
1.25893	1.84434
1.27057	1.88828
1.28233	1.93267
1.2942	1.97748
1.30617	2.02267
1.31826	2.07206
1.33045	2.12454
1.34276	2.17753
1.35519	2.23104
1.36773	2.28503
1.38038	2.33949
1.39316	2.3945
1.40605	2.44999
1.41906	2.51013
1.43219	2.57361
1.44544	2.63767
1.45881	2.70231
1.47231	2.76758
1.48594	2.83348
1.49968	2.89991
1.51356	2.96818
1.52757	3.04332
1.5417	3.1191
1.55597	3.19563
1.57036	3.2728
1.58489	3.35073
1.59956	3.4294
1.61436	3.51013
1.6293	3.59719
1.64437	3.685
1.65959	3.77369
1.67494	3.86314
1.69044	3.95346
1.70608	4.0446
1.72187	4.14052
1.7378	4.23938
1.75388	4.33917
1.77011	4.43989
1.78649	4.54154
1.80302	4.64412
1.8197	4.75051
1.83654	4.861
1.85353	4.97248
1.87068	5.08501
1.88799	5.19859
1.90546	5.31321
1.92309	5.43237
1.94089	5.5546
1.95884	5.67787
1.97697	5.80237
1.99526	5.92797
2.01372	6.05522
2.03236	6.18795
2.05116	6.32181
2.07014	6.45696
2.0893	6.5934
2.10863	6.73104
2.12814	6.87341
2.14783	7.0178
2.1677	7.16351
2.18776	7.31061
2.208	7.45903
2.22844	7.61202
2.24905	7.76703
2.26986	7.92355
2.29087	8.08157
2.31206	8.24095
2.33346	8.40537
2.35505	8.57125
2.37684	8.73866
2.39883	8.90761
2.42103	9.07935
2.44343	9.25442
2.46604	9.43112
2.48886	9.60946
2.51189	9.78945
2.53513	9.97356
2.55859	10.1595
2.58226	10.347
2.60615	10.5363
2.63027	10.7291
2.65461	10.9241
2.67917	11.1209
2.70396	11.3196
2.72898	11.5215
2.75423	11.726
2.77971	11.9324
2.80543	12.1408
2.83139	12.3528
2.85759	12.5674
2.88403	12.784
2.91072	13.0026
2.93765	13.225
2.96483	13.4496
2.99226	13.6762
3.01995	13.9052
3.04789	14.137
3.0761	14.371
3.10456	14.607
3.13329	14.8456
3.16228	15.0865
3.19154	15.3296
3.22107	15.5753
3.25087	15.8239
3.28095	16.0749
3.31131	16.3282
3.34195	16.5852
3.37287	16.8446
3.40408	17.1065
3.43558	17.3716
3.46737	17.6396
3.49945	17.91
3.53183	18.1834
3.56451	18.4597
3.59749	18.7385
3.63078	19.0201
3.66438	19.3047
3.69828	19.5918
3.7325	19.8819
3.76704	20.175
3.80189	20.4707
3.83707	20.7697
3.87258	21.0718
3.90841	21.3766
3.94457	21.6848
3.98107	21.996
4.01791	22.3101
4.05509	22.6277
4.09261	22.9481
4.13047	23.2716
4.16869	23.5983
4.20727	23.928
4.2462	24.2609
4.28549	24.5969
4.32514	24.9361
4.36516	25.2785
4.40555	25.6241
4.44631	25.9731
4.48745	26.3253
4.52898	26.6811
4.57088	27.0401
4.61318	27.4026
4.65586	27.7686
4.69894	28.1381
4.74242	28.5112
4.7863	28.8878
4.83059	29.268
4.87529	29.6519
4.9204	30.0393
4.96592	30.4304
5.01187	30.8252
5.05825	31.2238
5.10505	31.6259
5.15229	32.0318
5.19996	32.4413
5.24807	32.8546
5.29663	33.2717
5.34564	33.6926
5.39511	34.1175
5.44503	34.5463
5.49541	34.9792
5.54626	35.4164
5.59758	35.8579
5.64937	36.3038
5.70164	36.7541
5.7544	37.209
5.80764	37.6682
5.86138	38.1318
5.91562	38.5997
5.97035	39.0716
6.0256	39.5478
6.08135	40.0277
6.13762	40.5117
6.19441	40.9996
6.25173	41.4917
6.30957	41.9881
6.36796	42.4888
6.42688	42.9942
6.48634	43.5041
6.54636	44.0191
6.60693	44.539
6.66807	45.0643
6.72977	45.5946
6.79204	46.13
6.85488	46.6705
6.91831	47.2162
6.98232	47.7669
7.04693	48.3228
7.11214	48.8838
7.17794	49.4498
7.24436	50.0209
7.31139	50.5973
7.37904	51.1788
7.44732	51.7657
7.51623	52.358
7.58578	52.9557
7.65597	53.559
7.72681	54.1678
7.7983	54.7822
7.87046	55.4023
7.94328	56.0281
8.01678	56.6597
8.09096	57.2971
8.16582	57.9403
8.24138	58.5895
8.31764	59.2446
8.3946	59.9057
8.47227	60.5727
8.55067	61.246
8.62979	61.9253
8.70964	62.6107
8.79023	63.3024
8.87156	64.0002
8.95365	64.7044
9.03649	65.4149
9.12011	66.1321
9.2045	66.8557
9.28966	67.5861
9.37562	68.3234
9.46237	69.0676
9.54993	69.8189
9.63829	70.5774
9.72747	71.3432
9.81748	72.1162
9.90832	72.8966
10	73.6842
10.0925	74.4789
10.1859	75.2812
10.2802	76.0911
10.3753	76.9077
10.4713	77.7317
10.5682	78.5632
10.666	79.4022
10.7647	80.2488
10.8643	81.1029
10.9648	81.9646
11.0662	82.8338
11.1686	83.7116
11.272	84.5978
11.3763	85.4917
11.4815	86.3931
11.5878	87.3039
11.695	88.2223
11.8032	89.1492
11.9124	90.0844
12.0226	91.0281
12.1339	91.9811
12.2462	92.9425
12.3595	93.9124
12.4738	94.8908
12.5893	95.8794
12.7057	96.8758
12.8233	97.8825
12.942	98.8988
13.0617	99.9237
13.1826	100.959
13.3045	102.003
13.4277	103.058
13.5519	104.122
13.6773	105.196
13.8038	106.279
13.9316	107.374
14.0605	108.477
14.1906	109.591
14.3219	110.715
14.4544	111.849
14.5881	112.994
14.7231	114.149
14.8594	115.315
14.9968	116.49
15.1356	117.677
15.2757	118.874
15.417	120.082
15.5597	121.301
15.7036	122.531
15.8489	123.772
15.9956	125.025
16.1436	126.289
16.293	127.565
16.4437	128.852
16.5959	130.152
16.7494	131.463
16.9044	132.787
17.0608	134.123
17.2187	135.472
17.378	136.832
17.5388	138.205
17.7011	139.59
17.8649	140.988
18.0302	142.398
18.197	143.822
18.3654	145.258
18.5353	146.708
18.7068	148.171
18.8799	149.647
19.0546	151.138
19.2309	152.642
19.4089	154.161
19.5884	155.693
19.7697	157.24
19.9526	158.8
20.1372	160.375
20.3236	161.964
20.5116	163.567
20.7014	165.185
20.893	166.818
21.0863	168.465
21.2814	170.127
21.4783	171.804
21.677	173.496
21.8776	175.204
22.08	176.927
22.2844	178.668
22.4905	180.422
22.6986	182.194
22.9087	183.983
23.1206	185.787
23.3346	187.608
23.5505	189.446
23.7684	191.301
23.9883	193.174
24.2103	195.064
24.4343	196.971
24.6604	198.895
24.8886	200.838
25.1189	202.798
25.3513	204.775
25.5859	206.77
25.8226	208.783
26.0615	210.814
26.3027	212.864
26.5461	214.933
26.7917	217.02
27.0396	219.126
27.2898	221.252
27.5423	223.398
27.7971	225.563
28.0543	227.749
28.3139	229.956
28.5759	232.183
28.8403	234.43
29.1072	236.699
29.3765	238.987
29.6483	241.295
29.9226	243.624
30.1995	245.974
30.4789	248.344
30.761	250.736
31.0456	253.149
31.3329	255.584
31.6228	258.041
31.9154	260.52
32.2107	263.023
32.5087	265.548
32.8095	268.098
33.1131	270.671
33.4195	273.268
33.7287	275.889
34.0408	278.534
34.3558	281.203
34.6737	283.896
34.9945	286.614
35.3183	289.357
35.6451	292.124
35.9749	294.917
36.3078	297.735
36.6438	300.579
36.9828	303.448
37.325	306.344
37.6704	309.266
38.0189	312.214
38.3707	315.189
38.7258	318.192
39.0841	321.221
39.4457	324.279
39.8107	327.364
40.1791	330.478
40.5509	333.62
40.9261	336.791
41.3048	339.991
41.6869	343.22
42.0727	346.479
42.462	349.768
42.8548	353.086
43.2514	356.436
43.6516	359.816
44.0555	363.226
44.4631	366.667
44.8745	370.14
45.2898	373.644
45.7088	377.18
46.1318	380.748
46.5586	384.347
46.9894	387.979
47.4242	391.644
47.863	395.341
48.3059	399.073
48.7528	402.837
49.204	406.637
49.6592	410.471
50.1187	414.34
50.5825	418.246
51.0505	422.188
51.5229	426.166
51.9996	430.181
52.4807	434.232
52.9663	438.321
53.4564	442.448
53.9511	446.612
54.4503	450.813
54.9541	455.052
55.4626	459.329
55.9758	463.645
56.4937	467.998
57.0164	472.391
57.544	476.824
58.0764	481.295
58.6138	485.807
59.1562	490.36
59.7035	494.953
60.256	499.588
60.8135	504.264
61.3762	508.983
61.9441	513.746
62.5173	518.553
63.0957	523.405
63.6796	528.303
64.2688	533.246
64.8634	538.235
65.4636	543.271
66.0694	548.353
66.6807	553.481
67.2977	558.656
67.9204	563.877
68.5488	569.145
69.1831	574.46
69.8232	579.821
70.4693	585.232
71.1214	590.69
71.7794	596.197
72.4436	601.753
73.1139	607.36
73.7904	613.017
74.4732	618.726
75.1623	624.486
75.8578	630.299
76.5597	636.164
77.2681	642.082
77.983	648.054
78.7046	654.081
79.4328	660.162
80.1678	666.299
80.9096	672.492
81.6582	678.741
82.4138	685.047
83.1764	691.41
83.946	697.831
84.7227	704.309
85.5067	710.846
86.2979	717.441
87.0964	724.095
87.9023	730.81
88.7156	737.584
89.5365	744.42
90.3649	751.317
91.2011	758.278
92.045	765.302
92.8967	772.39
93.7562	779.543
94.6237	786.761
95.4993	794.045
96.3829	801.394
97.2747	808.811
98.1748	816.294
99.0832	823.845
