0.1	0
0.100925	0
0.101859	0
0.102802	0
0.103753	0
0.104713	0
0.105682	0
0.10666	0
0.107647	0
0.108643	0
0.109648	0
0.110662	0
0.111686	0
0.11272	0
0.113763	0
0.114815	0
0.115878	0
0.11695	0
0.118032	0
0.119124	0
0.120226	0
0.121339	0
0.122462	0
0.123595	0
0.124738	0
0.125893	0
0.127057	0
0.128233	0
0.12942	0
0.130617	0
0.131826	0
0.133045	0
0.134277	0
0.135519	0
0.136773	0
0.138038	0
0.139316	0
0.140605	0
0.141906	0
0.143219	0
0.144544	0
0.145881	0
0.147231	0
0.148594	0
0.149968	0
0.151356	0
0.152757	0
0.15417	0
0.155597	0
0.157036	0
0.158489	0
0.159956	0
0.161436	0
0.16293	0
0.164437	0
0.165959	0
0.167494	0
0.169044	0
0.170608	0
0.172187	0
0.17378	0
0.175388	0
0.177011	0
0.178649	0
0.180302	0
0.18197	0
0.183654	0
0.185353	0
0.187068	0
0.188799	0
0.190546	0
0.192309	0
0.194089	0
0.195884	0
0.197697	0
0.199526	0
0.201372	0
0.203236	0
0.205116	0
0.207014	0
0.20893	0
0.210863	5.94183e-06
0.212814	2.29192e-05
0.214783	4.00533e-05
0.21677	5.7344e-05
0.218776	7.48e-05
0.2208	9.24127e-05
0.222844	0.000110199
0.224905	0.000128134
0.226986	0.000146243
0.229087	0.000164525
0.231206	0.000182965
0.233346	0.000201587
0.235505	0.000220374
0.237684	0.000239336
0.239883	0.000258471
0.242103	0.000277789
0.244343	0.000297282
0.246604	0.000316957
0.248886	0.000336814
0.251189	0.000356855
0.253513	0.000377078
0.255859	0.000397493
0.258226	0.00041809
0.260615	0.000438879
0.263027	0.000459868
0.265461	0.000481048
0.267917	0.00050242
0.270396	0.000523992
0.272898	0.000545765
0.275423	0.000567737
0.277971	0.000589909
0.280543	0.000612291
0.283139	0.000634881
0.285759	0.00065768
0.288403	0.000680688
0.291072	0.000703913
0.293765	0.000727347
0.296483	0.000750999
0.299226	0.000774868
0.301995	0.000798964
0.30479	0.000823286
0.30761	0.000847825
0.310456	0.00108314
0.313329	0.00436506
0.316228	0.00767669
0.319154	0.0110192
0.322107	0.0143925
0.325087	0.0177966
0.328095	0.0212328
0.331131	0.0247009
0.334195	0.028201
0.337287	0.0317331
0.340408	0.0352983
0.343558	0.0388967
0.346737	0.0425281
0.349945	0.0461928
0.353183	0.0498916
0.356451	0.0536248
0.359749	0.0573922
0.363078	0.061195
0.366438	0.0650333
0.369828	0.0689058
0.37325	0.0728148
0.376704	0.0767605
0.380189	0.0807415
0.383707	0.0847602
0.387258	0.0888167
0.390841	0.0929096
0.394457	0.0970403
0.398107	0.10121
0.401791	0.105418
0.405509	0.109665
0.409261	0.113951
0.413047	0.150862
0.416869	0.201584
0.420727	0.252783
0.42462	0.304448
0.428549	0.356589
0.432514	0.409209
0.436516	0.46232
0.440555	0.515922
0.444631	0.570014
0.448745	0.624611
0.452898	0.679726
0.457088	0.735332
0.461318	0.791468
0.465586	0.848109
0.469894	0.905281
0.474242	0.962983
0.47863	1.02122
0.483059	1.07999
0.487528	1.1393
0.49204	1.19918
0.496592	1.25959
0.501187	1.32057
0.505825	1.38212
0.510505	1.44488
0.515229	1.5639
0.519996	1.68401
0.524807	1.80522
0.529663	1.92757
0.534564	2.05106
0.539511	2.1757
0.544503	2.30147
0.549541	2.42841
0.554626	2.55652
0.559758	2.68583
0.564937	2.81631
0.570164	2.94801
0.57544	3.08094
0.580764	3.21508
0.586138	3.35048
0.591562	3.48714
0.597035	3.62503
0.60256	3.76424
0.608135	3.9047
0.613762	4.05466
0.619441	4.21218
0.625173	4.37116
0.630957	4.53159
0.636796	4.69355
0.642688	4.85697
0.648634	5.02189
0.654636	5.18836
0.660693	5.35637
0.666807	5.52595
0.672977	5.69708
0.679204	5.8698
0.685488	6.04409
0.691831	6.22003
0.698232	6.39757
0.704693	6.57677
0.711214	6.75719
0.717794	6.93463
0.724436	7.11374
0.731139	7.2945
0.737904	7.47693
0.744732	7.66105
0.751623	7.84688
0.758578	8.03443
0.765597	8.22371
0.772681	8.41474
0.77983	8.60752
0.787046	8.80211
0.794328	8.99848
0.801678	9.19669
0.809096	9.39672
0.816582	9.59276
0.824138	9.78901
0.831764	9.98707
0.83946	10.1869
0.847227	10.3887
0.855067	10.5923
0.862979	10.7978
0.870964	11.0052
0.879023	11.2145
0.887156	11.4257
0.895365	11.6389
0.903649	11.8541
0.912011	12.0713
0.92045	12.2911
0.928966	12.5128
0.937562	12.7366
0.946237	12.9625
0.954993	13.1905
0.963829	13.4206
0.972747	13.6528
0.981748	13.8872
0.990832	14.1237
1	14.3624
1.00925	14.6033
1.01859	14.8438
1.02802	15.086
1.03753	15.3302
1.04713	15.5767
1.05682	15.8256
1.0666	16.0768
1.07647	16.3303
1.08643	16.5861
1.09648	16.8442
1.10662	17.1046
1.11686	17.3658
1.1272	17.6282
1.13763	17.8929
1.14815	18.1599
1.15878	18.4297
1.1695	18.7018
1.18032	18.9764
1.19124	19.2535
1.20226	19.5332
1.21339	19.8144
1.22462	20.093
1.23595	20.3742
1.24738	20.6578
1.25893	20.9444
1.27057	21.2332
1.28233	21.525
1.2942	21.8196
1.30617	22.1166
1.31826	22.3971
1.33045	22.6661
1.34276	22.9378
1.35519	23.2122
1.36773	23.4889
1.38038	23.7681
1.39316	24.0502
1.40605	24.3346
1.41906	24.6019
1.43219	24.8582
1.44544	25.1168
1.45881	25.3778
1.47231	25.6413
1.48594	25.9074
1.49968	26.1756
1.51356	26.4418
1.52757	26.6853
1.5417	26.9309
1.55597	27.1789
1.57036	27.429
1.58489	27.6815
1.59956	27.9364
1.61436	28.1879
1.6293	28.4178
1.64437	28.6498
1.65959	28.8841
1.67494	29.1203
1.69044	29.3589
1.70608	29.5997
1.72187	29.8249
1.7378	30.0427
1.75388	30.2625
1.77011	30.4843
1.78649	30.7082
1.80302	30.9342
1.8197	31.1499
1.83654	31.3545
1.85353	31.561
1.87068	31.7693
1.88799	31.9797
1.90546	32.1919
1.92309	32.391
1.94089	32.5836
1.95884	32.7779
1.97697	32.9741
1.99526	33.172
2.01372	33.3695
2.03236	33.5496
2.05116	33.7313
2.07014	33.9147
2.0893	34.0998
2.10863	34.2866
2.12814	34.4587
2.14783	34.629
2.1677	34.8009
2.18776	34.9744
2.208	35.1494
2.22844	35.3117
2.24905	35.4717
2.26986	35.6333
2.29087	35.7965
2.31206	35.9611
2.33346	36.1107
2.35505	36.2616
2.37684	36.4139
2.39883	36.5676
2.42103	36.7168
2.44343	36.8581
2.46604	37.0008
2.48886	37.1448
2.51189	37.2901
2.53513	37.4231
2.55859	37.5571
2.58226	37.6923
2.60615	37.8288
2.63027	37.9571
2.65461	38.0833
2.67917	38.2107
2.70396	38.3392
2.72898	38.4612
2.75423	38.5804
2.77971	38.7006
2.80543	38.8219
2.83139	38.9366
2.85759	39.0495
2.88403	39.1633
2.91072	39.2782
2.93765	39.385
2.96483	39.492
2.99226	39.6
3.01995	39.7066
3.04789	39.8075
3.0761	39.9093
3.10456	40.0121
3.13329	40.1098
3.16228	40.206
3.19154	40.3031
3.22107	40.3989
3.25087	40.4899
3.28095	40.5818
3.31131	40.6746
3.34195	40.7614
3.37287	40.8486
3.40408	40.9366
3.43558	41.0206
3.46737	41.1035
3.49945	41.1872
3.53183	41.268
3.56451	41.347
3.59749	41.4267
3.63078	41.5041
3.66438	41.5795
3.69828	41.6555
3.7325	41.7293
3.76704	41.8014
3.80189	41.8741
3.83707	41.9441
3.87258	42.0131
3.90841	42.0828
3.94457	42.149
3.98107	42.2153
4.01791	42.2816
4.05509	42.3446
4.09261	42.4083
4.13047	42.4706
4.16869	42.5313
4.20727	42.5926
4.2462	42.6512
4.28549	42.7097
4.32514	42.7677
4.36516	42.8236
4.40555	42.8801
4.44631	42.9344
4.48745	42.9884
4.52898	43.0419
4.57088	43.0937
4.61318	43.1461
4.65586	43.196
4.69894	43.2462
4.74242	43.2951
4.7863	43.3435
4.83059	43.3913
4.87529	43.4378
4.9204	43.4844
4.96592	43.5293
5.01187	43.5745
5.05825	43.618
5.10505	43.6616
5.15229	43.7039
5.19996	43.7461
5.24807	43.7872
5.29663	43.828
5.34564	43.8679
5.39511	43.9074
5.44503	43.9461
5.49541	43.9844
5.54626	44.0218
5.59758	44.059
5.64937	44.0953
5.70164	44.1313
5.7544	44.1664
5.80764	44.2014
5.86138	44.2354
5.91562	44.2695
5.97035	44.3023
6.0256	44.3352
6.08135	44.3672
6.13762	44.399
6.19441	44.4302
6.25173	44.4608
6.30957	44.4913
6.36796	44.5209
6.42688	44.5504
6.48634	44.5792
6.54636	44.6076
6.60693	44.6358
6.66807	44.6632
6.72977	44.6905
6.79204	44.7173
6.85488	44.7436
6.91831	44.7698
6.98232	44.7952
7.04693	44.8205
7.11214	44.8454
7.17794	44.8698
7.24436	44.8939
7.31139	44.9178
7.37904	44.9411
7.44732	44.9642
7.51623	44.987
7.58578	45.0093
7.65597	45.0314
7.72681	45.0532
7.7983	45.0746
7.87046	45.0957
7.94328	45.1166
8.01678	45.1372
8.09096	45.1574
8.16582	45.1773
8.24138	45.197
8.31764	45.2164
8.3946	45.2355
8.47227	45.2543
8.55067	45.2729
8.62979	45.2913
8.70964	45.3094
8.79023	45.3271
8.87156	45.3447
8.95365	45.362
9.03649	45.3792
9.12011	45.3961
9.2045	45.4127
9.28966	45.429
9.37562	45.4452
9.46237	45.4612
9.54993	45.4769
9.63829	45.4925
9.72747	45.5078
9.81748	45.523
9.90832	45.5379
10	45.5526
10.0925	45.5672
10.1859	45.5815
10.2802	45.5957
10.3753	45.6097
10.4713	45.6235
10.5682	45.6371
10.666	45.6506
10.7647	45.6639
10.8643	45.677
10.9648	45.6899
11.0662	45.7027
11.1686	45.7154
11.272	45.7278
11.3763	45.7402
11.4815	45.7523
11.5878	45.7644
11.695	45.7762
11.8032	45.788
11.9124	45.7996
12.0226	45.811
12.1339	45.8224
12.2462	45.8335
12.3595	45.8446
12.4738	45.8555
12.5893	45.8663
12.7057	45.877
12.8233	45.8875
12.942	45.898
13.0617	45.9083
13.1826	45.9185
13.3045	45.9285
13.4277	45.9385
13.5519	45.9483
13.6773	45.9581
13.8038	45.9677
13.9316	45.9773
14.0605	45.9867
14.1906	45.996
14.3219	46.0052
14.4544	46.0143
14.5881	46.0234
14.7231	46.0323
14.8594	46.0411
14.9968	46.0499
15.1356	46.0586
15.2757	46.0671
15.417	46.0756
15.5597	46.084
15.7036	46.0923
15.8489	46.1005
15.9956	46.1086
16.1436	46.1167
16.293	46.1247
16.4437	46.1326
16.5959	46.1404
16.7494	46.1481
16.9044	46.1558
17.0608	46.1634
17.2187	46.1709
17.378	46.1784
17.5388	46.1857
17.7011	46.193
17.8649	46.2003
18.0302	46.2075
18.197	46.2146
18.3654	46.2216
18.5353	46.2286
18.7068	46.2355
18.8799	46.2423
19.0546	46.2491
19.2309	46.2559
19.4089	46.2625
19.5884	46.2691
19.7697	46.2757
19.9526	46.2822
20.1372	46.2886
20.3236	46.295
20.5116	46.3014
20.7014	46.3076
20.893	46.3139
21.0863	46.32
21.2814	46.3261
21.4783	46.3322
21.677	46.3382
21.8776	46.3442
22.08	46.3501
22.2844	46.356
22.4905	46.3618
22.6986	46.3676
22.9087	46.3733
23.1206	46.379
23.3346	46.3847
23.5505	46.3902
23.7684	46.3958
23.9883	46.4013
24.2103	46.4068
24.4343	46.4122
24.6604	46.4176
24.8886	46.4229
25.1189	46.4282
25.3513	46.4335
25.5859	46.4387
25.8226	46.4439
26.0615	46.4491
26.3027	46.4542
26.5461	46.4592
26.7917	46.4643
27.0396	46.4693
27.2898	46.4742
27.5423	46.4792
27.7971	46.484
28.0543	46.4889
28.3139	46.4937
28.5759	46.4985
28.8403	46.5033
29.1072	46.508
29.3765	46.5127
29.6483	46.5173
29.9226	46.522
30.1995	46.5266
30.4789	46.5311
30.761	46.5356
31.0456	46.5401
31.3329	46.5446
31.6228	46.5491
31.9154	46.5535
32.2107	46.5578
32.5087	46.5622
32.8095	46.5665
33.1131	46.5708
33.4195	46.5751
33.7287	46.5793
34.0408	46.5835
34.3558	46.5877
34.6737	46.5919
34.9945	46.596
35.3183	46.6001
35.6451	46.6042
35.9749	46.6082
36.3078	46.6122
36.6438	46.6162
36.9828	46.6202
37.325	46.6242
37.6704	46.6281
38.0189	46.632
38.3707	46.6359
38.7258	46.6397
39.0841	46.6435
39.4457	46.6473
39.8107	46.6511
40.1791	46.6549
40.5509	46.6586
40.9261	46.6623
41.3048	46.666
41.6869	46.6697
42.0727	46.6733
42.462	46.6769
42.8548	46.6805
43.2514	46.6841
43.6516	46.6876
44.0555	46.6912
44.4631	46.6947
44.8745	46.6982
45.2898	46.7017
45.7088	46.7051
46.1318	46.7085
46.5586	46.7119
46.9894	46.7153
47.4242	46.7187
47.863	46.7221
48.3059	46.7254
48.7528	46.7287
49.204	46.732
49.6592	46.7353
50.1187	46.7385
50.5825	46.7418
51.0505	46.745
51.5229	46.7482
51.9996	46.7514
52.4807	46.7545
52.9663	46.7577
53.4564	46.7608
53.9511	46.7639
54.4503	46.767
54.9541	46.7701
55.4626	46.7731
55.9758	46.7762
56.4937	46.7792
57.0164	46.7822
57.544	46.7852
58.0764	46.7881
58.6138	46.7911
59.1562	46.794
59.7035	46.797
60.256	46.7999
60.8135	46.8028
61.3762	46.8056
61.9441	46.8085
62.5173	46.8113
63.0957	46.8141
63.6796	46.817
64.2688	46.8197
64.8634	46.8225
65.4636	46.8253
66.0694	46.828
66.6807	46.8308
67.2977	46.8335
67.9204	46.8362
68.5488	46.8389
69.1831	46.8415
69.8232	46.8442
70.4693	46.8468
71.1214	46.8495
71.7794	46.8521
72.4436	46.8547
73.1139	46.8572
73.7904	46.8598
74.4732	46.8624
75.1623	46.8649
75.8578	46.8674
76.5597	46.87
77.2681	46.8724
77.983	46.8749
78.7046	46.8774
79.4328	46.8799
80.1678	46.8823
80.9096	46.8847
81.6582	46.8871
82.4138	46.8896
83.1764	46.8919
83.946	46.8943
84.7227	46.8967
85.5067	46.899
86.2979	46.9014
87.0964	46.9037
87.9023	46.906
88.7156	46.9083
89.5365	46.9106
90.3649	46.9129
91.2011	46.9151
92.045	46.9174
92.8967	46.9196
93.7562	46.9218
94.6237	46.924
95.4993	46.9262
96.3829	46.9284
97.2747	46.9306
98.1748	46.9327
99.0832	46.9349
