0.1	0
0.100925	0
0.101859	0
0.102802	0
0.103753	0
0.104713	0
0.105682	0
0.10666	0
0.107647	0
0.108643	0
0.109648	0
0.110662	2.44016e-06
0.111686	6.80925e-06
0.11272	1.1221e-05
0.113763	1.56712e-05
0.114815	2.01597e-05
0.115878	2.46952e-05
0.11695	2.92691e-05
0.118032	3.38856e-05
0.119124	3.85449e-05
0.120226	4.32467e-05
0.121339	4.79956e-05
0.122462	5.2787e-05
0.123595	5.76212e-05
0.124738	6.2498e-05
0.125893	6.7426e-05
0.127057	7.23925e-05
0.128233	7.74101e-05
0.12942	8.24746e-05
0.130617	8.75819e-05
0.131826	9.27403e-05
0.133045	9.79414e-05
0.134277	0.000103198
0.135519	0.000108497
0.136773	0.000113848
0.138038	0.000119245
0.139316	0.000124698
0.140605	0.000130198
0.141906	0.000135748
0.143219	0.000141351
0.144544	0.000147004
0.145881	0.000152709
0.147231	0.000158469
0.148594	0.000164284
0.149968	0.000170146
0.151356	0.000176069
0.152757	0.000182046
0.15417	0.000188075
0.155597	0.000194164
0.157036	0.000200303
0.158489	0.000206503
0.159956	0.000212762
0.161436	0.000219077
0.16293	0.000225451
0.164437	0.000231881
0.165959	0.000238375
0.167494	0.000244924
0.169044	0.000251538
0.170608	0.000258211
0.172187	0.000264948
0.17378	0.000271745
0.175388	0.000278606
0.177011	0.00028553
0.178649	0.000292519
0.180302	0.000299572
0.18197	0.000306689
0.183654	0.000313874
0.185353	0.000321123
0.187068	0.000328441
0.188799	0.000335826
0.190546	0.00034328
0.192309	0.000350802
0.194089	0.000358397
0.195884	0.000366056
0.197697	0.000373791
0.199526	0.000381595
0.201372	0.000389471
0.203236	0.000397424
0.205116	0.000405446
0.207014	0.000413544
0.20893	0.000421719
0.210863	0.000572172
0.212814	0.000986818
0.214783	0.00140529
0.21677	0.00182758
0.218776	0.00225392
0.2208	0.00268408
0.222844	0.00311849
0.224905	0.00355651
0.226986	0.00399879
0.229087	0.00444531
0.231206	0.00489566
0.233346	0.00535048
0.235505	0.00580933
0.237684	0.00627243
0.239883	0.00673978
0.242103	0.0072116
0.244343	0.00768766
0.246604	0.00816819
0.248886	0.00865319
0.251189	0.00914264
0.253513	0.00963656
0.255859	0.0101352
0.258226	0.0106382
0.260615	0.0111459
0.263027	0.0116586
0.265461	0.0121759
0.267917	0.0126978
0.270396	0.0132247
0.272898	0.0137564
0.275423	0.0142931
0.277971	0.0148346
0.280543	0.0153812
0.283139	0.015933
0.285759	0.0164898
0.288403	0.0170517
0.291072	0.017619
0.293765	0.0181913
0.296483	0.018769
0.299226	0.0193519
0.301995	0.0199404
0.30479	0.0205344
0.30761	0.0211338
0.310456	0.0218934
0.313329	0.0248985
0.316228	0.0279307
0.319154	0.0309912
0.322107	0.0340799
0.325087	0.0371969
0.328095	0.0403431
0.331131	0.0435186
0.334195	0.0467235
0.337287	0.0499576
0.340408	0.053222
0.343558	0.0565168
0.346737	0.0598419
0.349945	0.0631973
0.353183	0.0665842
0.356451	0.0700023
0.359749	0.0734519
0.363078	0.0769339
0.366438	0.0804484
0.369828	0.0839942
0.37325	0.0875734
0.376704	0.0911862
0.380189	0.0948313
0.383707	0.098511
0.387258	0.102225
0.390841	0.105973
0.394457	0.109755
0.398107	0.113573
0.401791	0.117426
0.405509	0.121315
0.409261	0.125239
0.413047	0.132715
0.416869	0.141714
0.420727	0.150798
0.42462	0.159964
0.428549	0.169215
0.432514	0.17855
0.436516	0.187973
0.440555	0.197483
0.444631	0.20708
0.448745	0.216766
0.452898	0.226544
0.457088	0.23641
0.461318	0.246369
0.465586	0.256418
0.469894	0.266562
0.474242	0.276799
0.47863	0.28713
0.483059	0.297559
0.487528	0.308081
0.49204	0.318704
0.496592	0.329422
0.501187	0.340241
0.505825	0.351161
0.510505	0.362261
0.515229	0.380373
0.519996	0.398651
0.524807	0.417097
0.529663	0.435715
0.534564	0.454506
0.539511	0.473474
0.544503	0.492614
0.549541	0.51193
0.554626	0.531426
0.559758	0.551103
0.564937	0.57096
0.570164	0.591001
0.57544	0.61123
0.580764	0.631643
0.586138	0.652247
0.591562	0.673044
0.597035	0.694028
0.60256	0.715211
0.608135	0.736587
0.613762	0.762402
0.619441	0.791653
0.625173	0.821176
0.630957	0.850967
0.636796	0.881042
0.642688	0.911389
0.648634	0.942015
0.654636	0.972929
0.660693	1.00413
0.666807	1.03562
0.672977	1.0674
0.679204	1.09947
0.685488	1.13184
0.691831	1.16451
0.698232	1.19748
0.704693	1.23075
0.711214	1.26502
0.717794	1.30656
0.724436	1.3485
0.731139	1.39082
0.737904	1.43353
0.744732	1.47664
0.751623	1.52015
0.758578	1.56406
0.765597	1.60838
0.772681	1.65311
0.77983	1.69824
0.787046	1.7438
0.794328	1.78978
0.801678	1.83619
0.809096	1.88302
0.816582	1.93707
0.824138	1.99353
0.831764	2.05051
0.83946	2.10802
0.847227	2.16605
0.855067	2.22463
0.862979	2.28375
0.870964	2.34341
0.879023	2.40363
0.887156	2.46439
0.895365	2.52573
0.903649	2.58763
0.912011	2.65136
0.92045	2.72323
0.928966	2.79576
0.937562	2.86897
0.946237	2.94285
0.954993	3.01742
0.963829	3.09267
0.972747	3.16862
0.981748	3.24528
0.990832	3.32264
1	3.40072
1.00925	3.4795
1.01859	3.56651
1.02802	3.65597
1.03753	3.7462
1.04713	3.83728
1.05682	3.92921
1.0666	4.022
1.07647	4.11564
1.08643	4.21013
1.09648	4.30548
1.10662	4.40168
1.11686	4.50531
1.1272	4.61483
1.13763	4.7253
1.14815	4.83672
1.15878	4.94931
1.1695	5.06285
1.18032	5.17745
1.19124	5.29311
1.20226	5.40983
1.21339	5.53082
1.22462	5.66485
1.23595	5.80008
1.24738	5.9365
1.25893	6.07435
1.27057	6.21328
1.28233	6.35364
1.2942	6.49531
1.30617	6.63817
1.31826	6.79418
1.33045	6.9598
1.34276	7.12705
1.35519	7.29593
1.36773	7.46631
1.38038	7.63818
1.39316	7.81181
1.40605	7.98694
1.41906	8.17646
1.43219	8.37631
1.44544	8.57799
1.45881	8.7815
1.47231	8.98699
1.48594	9.19446
1.49968	9.4036
1.51356	9.61834
1.52757	9.85357
1.5417	10.0908
1.55597	10.3304
1.57036	10.572
1.58489	10.816
1.59956	11.0623
1.61436	11.3152
1.6293	11.5886
1.64437	11.8644
1.65959	12.143
1.67494	12.4239
1.69044	12.7075
1.70608	12.9937
1.72187	13.2964
1.7378	13.609
1.75388	13.9245
1.77011	14.243
1.78649	14.5644
1.80302	14.8888
1.8197	15.2246
1.83654	15.5727
1.85353	15.9239
1.87068	16.2784
1.88799	16.6362
1.90546	16.9973
1.92309	17.3726
1.94089	17.7575
1.95884	18.1457
1.97697	18.5377
1.99526	18.9332
2.01372	19.3341
2.03236	19.7528
2.05116	20.1751
2.07014	20.6015
2.0893	21.0319
2.10863	21.4662
2.12814	21.9154
2.14783	22.371
2.1677	22.8308
2.18776	23.295
2.208	23.7633
2.22844	24.2459
2.24905	24.7349
2.26986	25.2286
2.29087	25.727
2.31206	26.2297
2.33346	26.7483
2.35505	27.2715
2.37684	27.7995
2.39883	28.3323
2.42103	28.874
2.44343	29.4262
2.46604	29.9836
2.48886	30.5461
2.51189	31.1138
2.53513	31.6949
2.55859	32.2815
2.58226	32.8734
2.60615	33.4709
2.63027	34.0795
2.65461	34.6956
2.67917	35.3172
2.70396	35.9447
2.72898	36.582
2.75423	37.2273
2.77971	37.8784
2.80543	38.5356
2.83139	39.2025
2.85759	39.8768
2.88403	40.5574
2.91072	41.2443
2.93765	41.9418
2.96483	42.646
2.99226	43.3566
3.01995	44.0754
3.04789	44.8042
3.0761	45.5402
3.10456	46.2826
3.13329	47.0354
3.16228	47.7964
3.19154	48.5644
3.22107	49.3404
3.25087	50.1258
3.28095	50.9186
3.31131	51.7188
3.34195	52.5281
3.37287	53.345
3.40408	54.1695
3.43558	55.0034
3.46737	55.8457
3.49945	56.6956
3.53183	57.5554
3.56451	58.4247
3.59749	59.302
3.63078	60.1893
3.66438	61.0865
3.69828	61.9917
3.7325	62.9064
3.76704	63.8303
3.80189	64.7626
3.83707	65.7032
3.87258	66.6524
3.90841	67.6102
3.94457	68.5755
3.98107	69.5497
4.01791	70.5329
4.05509	71.5249
4.09261	72.5259
4.13047	73.5363
4.16869	74.5566
4.20727	75.5866
4.2462	76.6267
4.28549	77.6767
4.32514	78.7364
4.36516	79.8061
4.40555	80.8858
4.44631	81.9749
4.48745	83.0742
4.52898	84.1835
4.57088	85.302
4.61318	86.4312
4.65586	87.5695
4.69894	88.7184
4.74242	89.8771
4.7863	91.0461
4.83059	92.2255
4.87529	93.4152
4.9204	94.6156
4.96592	95.8261
5.01187	97.0481
5.05825	98.2815
5.10505	99.5261
5.15229	100.783
5.19996	102.052
5.24807	103.334
5.29663	104.628
5.34564	105.937
5.39511	107.258
5.44503	108.594
5.49541	109.943
5.54626	111.308
5.59758	112.687
5.64937	114.082
5.70164	115.491
5.7544	116.917
5.80764	118.356
5.86138	119.809
5.91562	121.277
5.97035	122.755
6.0256	124.246
6.08135	125.747
6.13762	127.259
6.19441	128.782
6.25173	130.315
6.30957	131.861
6.36796	133.42
6.42688	134.992
6.48634	136.58
6.54636	138.184
6.60693	139.804
6.66807	141.443
6.72977	143.098
6.79204	144.77
6.85488	146.459
6.91831	148.165
6.98232	149.886
7.04693	151.624
7.11214	153.377
7.17794	155.145
7.24436	156.929
7.31139	158.728
7.37904	160.543
7.44732	162.374
7.51623	164.222
7.58578	166.087
7.65597	167.968
7.72681	169.867
7.7983	171.783
7.87046	173.716
7.94328	175.668
8.01678	177.637
8.09096	179.624
8.16582	181.63
8.24138	183.653
8.31764	185.696
8.3946	187.756
8.47227	189.836
8.55067	191.934
8.62979	194.05
8.70964	196.186
8.79023	198.339
8.87156	200.511
8.95365	202.702
9.03649	204.913
9.12011	207.143
9.2045	209.392
9.28966	211.663
9.37562	213.955
9.46237	216.269
9.54993	218.605
9.63829	220.964
9.72747	223.347
9.81748	225.753
9.90832	228.182
10	230.634
10.0925	233.107
10.1859	235.604
10.2802	238.123
10.3753	240.663
10.4713	243.224
10.5682	245.808
10.666	248.415
10.7647	251.044
10.8643	253.696
10.9648	256.371
11.0662	259.069
11.1686	261.794
11.272	264.544
11.3763	267.319
11.4815	270.117
11.5878	272.944
11.695	275.794
11.8032	278.67
11.9124	281.572
12.0226	284.499
12.1339	287.455
12.2462	290.437
12.3595	293.444
12.4738	296.477
12.5893	299.541
12.7057	302.629
12.8233	305.748
12.942	308.897
13.0617	312.072
13.1826	315.279
13.3045	318.513
13.4277	321.781
13.5519	325.074
13.6773	328.399
13.8038	331.752
13.9316	335.138
14.0605	338.552
14.1906	341.995
14.3219	345.47
14.4544	348.975
14.5881	352.511
14.7231	356.08
14.8594	359.685
14.9968	363.319
15.1356	366.99
15.2757	370.697
15.417	374.436
15.5597	378.211
15.7036	382.018
15.8489	385.86
15.9956	389.738
16.1436	393.648
16.293	397.592
16.4437	401.566
16.5959	405.578
16.7494	409.621
16.9044	413.701
17.0608	417.817
17.2187	421.972
17.378	426.162
17.5388	430.393
17.7011	434.663
17.8649	438.973
18.0302	443.323
18.197	447.713
18.3654	452.144
18.5353	456.615
18.7068	461.127
18.8799	465.68
19.0546	470.274
19.2309	474.909
19.4089	479.588
19.5884	484.305
19.7697	489.068
19.9526	493.872
20.1372	498.719
20.3236	503.614
20.5116	508.549
20.7014	513.53
20.893	518.558
21.0863	523.629
21.2814	528.746
21.4783	533.909
21.677	539.118
21.8776	544.375
22.08	549.677
22.2844	555.03
22.4905	560.426
22.6986	565.873
22.9087	571.371
23.1206	576.916
23.3346	582.515
23.5505	588.163
23.7684	593.865
23.9883	599.618
24.2103	605.427
24.4343	611.288
24.6604	617.203
24.8886	623.171
25.1189	629.191
25.3513	635.263
25.5859	641.389
25.8226	647.566
26.0615	653.796
26.3027	660.083
26.5461	666.425
26.7917	672.824
27.0396	679.284
27.2898	685.805
27.5423	692.389
27.7971	699.037
28.0543	705.751
28.3139	712.531
28.5759	719.374
28.8403	726.278
29.1072	733.244
29.3765	740.268
29.6483	747.349
29.9226	754.487
30.1995	761.683
30.4789	768.936
30.761	776.251
31.0456	783.625
31.3329	791.066
31.6228	798.574
31.9154	806.151
32.2107	813.801
32.5087	821.524
32.8095	829.322
33.1131	837.195
33.4195	845.142
33.7287	853.163
34.0408	861.258
34.3558	869.426
34.6737	877.668
34.9945	885.981
35.3183	894.369
35.6451	902.832
35.9749	911.369
36.3078	919.983
36.6438	928.674
36.9828	937.441
37.325	946.288
37.6704	955.216
38.0189	964.221
38.3707	973.309
38.7258	982.481
39.0841	991.733
39.4457	1001.07
39.8107	1010.49
40.1791	1019.99
40.5509	1029.58
40.9261	1039.26
41.3048	1049.02
41.6869	1058.87
42.0727	1068.82
42.462	1078.85
42.8548	1088.96
43.2514	1099.18
43.6516	1109.48
44.0555	1119.88
44.4631	1130.37
44.8745	1140.95
45.2898	1151.63
45.7088	1162.4
46.1318	1173.28
46.5586	1184.24
46.9894	1195.31
47.4242	1206.48
47.863	1217.74
48.3059	1229.11
48.7528	1240.58
49.204	1252.16
49.6592	1263.83
50.1187	1275.61
50.5825	1287.5
51.0505	1299.49
51.5229	1311.59
51.9996	1323.8
52.4807	1336.12
52.9663	1348.55
53.4564	1361.1
53.9511	1373.75
54.4503	1386.53
54.9541	1399.41
55.4626	1412.41
55.9758	1425.53
56.4937	1438.76
57.0164	1452.11
57.544	1465.58
58.0764	1479.17
58.6138	1492.87
59.1562	1506.7
59.7035	1520.64
60.256	1534.7
60.8135	1548.89
61.3762	1563.21
61.9441	1577.66
62.5173	1592.24
63.0957	1606.95
63.6796	1621.81
64.2688	1636.81
64.8634	1651.95
65.4636	1667.23
66.0694	1682.65
66.6807	1698.21
67.2977	1713.91
67.9204	1729.75
68.5488	1745.73
69.1831	1761.84
69.8232	1778.1
70.4693	1794.49
71.1214	1811.03
71.7794	1827.7
72.4436	1844.53
73.1139	1861.5
73.7904	1878.63
74.4732	1895.9
75.1623	1913.33
75.8578	1930.92
76.5597	1948.66
77.2681	1966.57
77.983	1984.63
78.7046	2002.86
79.4328	2021.25
80.1678	2039.81
80.9096	2058.54
81.6582	2077.44
82.4138	2096.51
83.1764	2115.76
83.946	2135.17
84.7227	2154.75
85.5067	2174.52
86.2979	2194.45
87.0964	2214.56
87.9023	2234.84
88.7156	2255.31
89.5365	2275.95
90.3649	2296.78
91.2011	2317.8
92.045	2339
92.8967	2360.4
93.7562	2381.98
94.6237	2403.76
95.4993	2425.73
96.3829	2447.9
97.2747	2470.27
98.1748	2492.84
99.0832	2515.61
