0.1	0
0.100925	0
0.101859	0
0.102802	0
0.103753	0
0.104713	0
0.105682	0
0.10666	0
0.107647	0
0.108643	0
0.109648	0
0.110662	2.65495e-06
0.111686	7.40863e-06
0.11272	1.22087e-05
0.113763	1.70506e-05
0.114815	2.19343e-05
0.115878	2.6869e-05
0.11695	3.18455e-05
0.118032	3.68684e-05
0.119124	4.19378e-05
0.120226	4.70535e-05
0.121339	5.22204e-05
0.122462	5.74336e-05
0.123595	6.26933e-05
0.124738	6.79994e-05
0.125893	7.33612e-05
0.127057	7.87648e-05
0.128233	8.42241e-05
0.12942	8.97345e-05
0.130617	9.52912e-05
0.131826	0.000100904
0.133045	0.000106563
0.134277	0.000112282
0.135519	0.000118048
0.136773	0.000123869
0.138038	0.000129741
0.139316	0.000135674
0.140605	0.000141658
0.141906	0.000147698
0.143219	0.000153793
0.144544	0.000159944
0.145881	0.000166151
0.147231	0.000172418
0.148594	0.000178745
0.149968	0.000185124
0.151356	0.000191567
0.152757	0.000198071
0.15417	0.00020463
0.155597	0.000211255
0.157036	0.000217935
0.158489	0.00022468
0.159956	0.000231491
0.161436	0.000238361
0.16293	0.000245297
0.164437	0.000252292
0.165959	0.000259358
0.167494	0.000266484
0.169044	0.000273679
0.170608	0.00028094
0.172187	0.00028827
0.17378	0.000295665
0.175388	0.00030313
0.177011	0.000310664
0.178649	0.000318268
0.180302	0.000325942
0.18197	0.000333685
0.183654	0.000341503
0.185353	0.00034939
0.187068	0.000357351
0.188799	0.000365387
0.190546	0.000373497
0.192309	0.000381682
0.194089	0.000389945
0.195884	0.000398278
0.197697	0.000406694
0.199526	0.000415185
0.201372	0.000423754
0.203236	0.000432408
0.205116	0.000441135
0.207014	0.000449946
0.20893	0.000458841
0.210863	0.000874697
0.212814	0.00204633
0.214783	0.00322877
0.21677	0.00442202
0.218776	0.00562668
0.2208	0.00684215
0.222844	0.00806963
0.224905	0.00930732
0.226986	0.010557
0.229087	0.0118187
0.231206	0.0130912
0.233346	0.0143764
0.235505	0.0156729
0.237684	0.0169815
0.239883	0.018302
0.242103	0.0196352
0.244343	0.0209804
0.246604	0.0223382
0.248886	0.0237086
0.251189	0.0250916
0.253513	0.0264872
0.255859	0.0278961
0.258226	0.0293175
0.260615	0.0307522
0.263027	0.0322007
0.265461	0.0336623
0.267917	0.0351372
0.270396	0.0366259
0.272898	0.0381285
0.275423	0.0396448
0.277971	0.041175
0.280543	0.0427195
0.283139	0.0442785
0.285759	0.0458519
0.288403	0.0474397
0.291072	0.0490425
0.293765	0.0506597
0.296483	0.0522919
0.299226	0.0539392
0.301995	0.055602
0.30479	0.0572805
0.30761	0.058974
0.310456	0.061934
0.313329	0.0830084
0.316228	0.104274
0.319154	0.125737
0.322107	0.147398
0.325087	0.169257
0.328095	0.191322
0.331131	0.213592
0.334195	0.236068
0.337287	0.258748
0.340408	0.281642
0.343558	0.304748
0.346737	0.328067
0.349945	0.351599
0.353183	0.375351
0.356451	0.399323
0.359749	0.423515
0.363078	0.447934
0.366438	0.472581
0.369828	0.497448
0.37325	0.522549
0.376704	0.547886
0.380189	0.573449
0.383707	0.599255
0.387258	0.625303
0.390841	0.651585
0.394457	0.67811
0.398107	0.704884
0.401791	0.731907
0.405509	0.75918
0.409261	0.786702
0.413047	0.845243
0.416869	0.917051
0.420727	0.989535
0.42462	1.06268
0.428549	1.1365
0.432514	1.21099
0.436516	1.28618
0.440555	1.36206
0.444631	1.43864
0.448745	1.51594
0.452898	1.59396
0.457088	1.67269
0.461318	1.75216
0.465586	1.83235
0.469894	1.91329
0.474242	1.99498
0.47863	2.07742
0.483059	2.16063
0.487528	2.24459
0.49204	2.32937
0.496592	2.41489
0.501187	2.50122
0.505825	2.58836
0.510505	2.67665
0.515229	2.79729
0.519996	2.91903
0.524807	3.0419
0.529663	3.16591
0.534564	3.29107
0.539511	3.4174
0.544503	3.54489
0.549541	3.67355
0.554626	3.80341
0.559758	3.93447
0.564937	4.06673
0.570164	4.20021
0.57544	4.33495
0.580764	4.47092
0.586138	4.60816
0.591562	4.74667
0.597035	4.88644
0.60256	5.02754
0.608135	5.16991
0.613762	5.31958
0.619441	5.47513
0.625173	5.63213
0.630957	5.79055
0.636796	5.95048
0.642688	6.11186
0.648634	6.27472
0.654636	6.43912
0.660693	6.60502
0.666807	6.77248
0.672977	6.94148
0.679204	7.11204
0.685488	7.28416
0.691831	7.45789
0.698232	7.63322
0.704693	7.81018
0.711214	7.98868
0.717794	8.16769
0.724436	8.34839
0.731139	8.53074
0.737904	8.71479
0.744732	8.90054
0.751623	9.08801
0.758578	9.27722
0.765597	9.46817
0.772681	9.66089
0.77983	9.85538
0.787046	10.0517
0.794328	10.2498
0.801678	10.4498
0.809096	10.6516
0.816582	10.8532
0.824138	11.056
0.831764	11.2608
0.83946	11.4675
0.847227	11.676
0.855067	11.8865
0.862979	12.099
0.870964	12.3134
0.879023	12.5298
0.887156	12.7482
0.895365	12.9686
0.903649	13.1911
0.912011	13.4151
0.92045	13.6378
0.928966	13.8625
0.937562	14.0894
0.946237	14.3183
0.954993	14.5494
0.963829	14.7826
0.972747	15.0179
0.981748	15.2555
0.990832	15.4952
1	15.7372
1.00925	15.9813
1.01859	16.2249
1.02802	16.4703
1.03753	16.7178
1.04713	16.9676
1.05682	17.2197
1.0666	17.4742
1.07647	17.731
1.08643	17.9902
1.09648	18.2517
1.10662	18.5156
1.11686	18.776
1.1272	19.0345
1.13763	19.2952
1.14815	19.5581
1.15878	19.8238
1.1695	20.0918
1.18032	20.3623
1.19124	20.6352
1.20226	20.9107
1.21339	21.1844
1.22462	21.4436
1.23595	21.7051
1.24738	21.969
1.25893	22.2355
1.27057	22.5042
1.28233	22.7756
1.2942	23.0496
1.30617	23.3259
1.31826	23.5891
1.33045	23.8434
1.34276	24.1001
1.35519	24.3594
1.36773	24.6209
1.38038	24.8847
1.39316	25.1513
1.40605	25.4201
1.41906	25.6743
1.43219	25.9193
1.44544	26.1665
1.45881	26.416
1.47231	26.6678
1.48594	26.9221
1.49968	27.1785
1.51356	27.433
1.52757	27.6657
1.5417	27.9005
1.55597	28.1376
1.57036	28.3766
1.58489	28.618
1.59956	28.8617
1.61436	29.1022
1.6293	29.3228
1.64437	29.5452
1.65959	29.7699
1.67494	29.9965
1.69044	30.2253
1.70608	30.4561
1.72187	30.6722
1.7378	30.8812
1.75388	31.0921
1.77011	31.305
1.78649	31.5199
1.80302	31.7367
1.8197	31.9438
1.83654	32.1402
1.85353	32.3384
1.87068	32.5385
1.88799	32.7405
1.90546	32.9443
1.92309	33.1355
1.94089	33.3205
1.95884	33.5071
1.97697	33.6956
1.99526	33.8858
2.01372	34.0755
2.03236	34.2486
2.05116	34.4231
2.07014	34.5993
2.0893	34.7771
2.10863	34.9566
2.12814	35.1219
2.14783	35.2855
2.1677	35.4507
2.18776	35.6174
2.208	35.7856
2.22844	35.9415
2.24905	36.0952
2.26986	36.2504
2.29087	36.4071
2.31206	36.5651
2.33346	36.7088
2.35505	36.8538
2.37684	37.0001
2.39883	37.1477
2.42103	37.291
2.44343	37.4267
2.46604	37.5637
2.48886	37.7019
2.51189	37.8415
2.53513	37.9691
2.55859	38.0976
2.58226	38.2274
2.60615	38.3583
2.63027	38.4815
2.65461	38.6025
2.67917	38.7247
2.70396	38.848
2.72898	38.965
2.75423	39.0792
2.77971	39.1945
2.80543	39.3108
2.83139	39.4207
2.85759	39.5288
2.88403	39.6379
2.91072	39.748
2.93765	39.8502
2.96483	39.9527
2.99226	40.0562
3.01995	40.1584
3.04789	40.2549
3.0761	40.3523
3.10456	40.4507
3.13329	40.5441
3.16228	40.6361
3.19154	40.7289
3.22107	40.8205
3.25087	40.9076
3.28095	40.9955
3.31131	41.0841
3.34195	41.167
3.37287	41.2503
3.40408	41.3344
3.43558	41.4146
3.46737	41.4937
3.49945	41.5735
3.53183	41.6507
3.56451	41.726
3.59749	41.802
3.63078	41.8758
3.66438	41.9476
3.69828	42.0201
3.7325	42.0904
3.76704	42.159
3.80189	42.2282
3.83707	42.2949
3.87258	42.3606
3.90841	42.4268
3.94457	42.4899
3.98107	42.5528
4.01791	42.6159
4.05509	42.6758
4.09261	42.7363
4.13047	42.7955
4.16869	42.8531
4.20727	42.9113
4.2462	42.9669
4.28549	43.0223
4.32514	43.0773
4.36516	43.1304
4.40555	43.1839
4.44631	43.2353
4.48745	43.2866
4.52898	43.3372
4.57088	43.3863
4.61318	43.4358
4.65586	43.483
4.69894	43.5305
4.74242	43.5767
4.7863	43.6224
4.83059	43.6675
4.87529	43.7115
4.9204	43.7555
4.96592	43.7978
5.01187	43.8405
5.05825	43.8815
5.10505	43.9226
5.15229	43.9625
5.19996	44.0022
5.24807	44.0409
5.29663	44.0793
5.34564	44.1168
5.39511	44.154
5.44503	44.1904
5.49541	44.2263
5.54626	44.2616
5.59758	44.2964
5.64937	44.3305
5.70164	44.3643
5.7544	44.3973
5.80764	44.4301
5.86138	44.4619
5.91562	44.4938
5.97035	44.5246
6.0256	44.5554
6.08135	44.5854
6.13762	44.6151
6.19441	44.6442
6.25173	44.6729
6.30957	44.7013
6.36796	44.729
6.42688	44.7565
6.48634	44.7833
6.54636	44.8099
6.60693	44.8362
6.66807	44.8618
6.72977	44.8872
6.79204	44.9121
6.85488	44.9366
6.91831	44.961
6.98232	44.9846
7.04693	45.0081
7.11214	45.0313
7.17794	45.0539
7.24436	45.0763
7.31139	45.0985
7.37904	45.1201
7.44732	45.1415
7.51623	45.1627
7.58578	45.1833
7.65597	45.2038
7.72681	45.224
7.7983	45.2438
7.87046	45.2633
7.94328	45.2826
8.01678	45.3016
8.09096	45.3203
8.16582	45.3387
8.24138	45.3569
8.31764	45.3748
8.3946	45.3924
8.47227	45.4098
8.55067	45.4269
8.62979	45.4438
8.70964	45.4605
8.79023	45.4768
8.87156	45.493
8.95365	45.5089
9.03649	45.5247
9.12011	45.5402
9.2045	45.5555
9.28966	45.5705
9.37562	45.5854
9.46237	45.6
9.54993	45.6145
9.63829	45.6287
9.72747	45.6428
9.81748	45.6567
9.90832	45.6704
10	45.6838
10.0925	45.6972
10.1859	45.7103
10.2802	45.7233
10.3753	45.736
10.4713	45.7487
10.5682	45.7611
10.666	45.7734
10.7647	45.7855
10.8643	45.7975
10.9648	45.8093
11.0662	45.821
11.1686	45.8325
11.272	45.8439
11.3763	45.8551
11.4815	45.8662
11.5878	45.8772
11.695	45.888
11.8032	45.8987
11.9124	45.9092
12.0226	45.9197
12.1339	45.93
12.2462	45.9401
12.3595	45.9502
12.4738	45.9601
12.5893	45.9699
12.7057	45.9796
12.8233	45.9892
12.942	45.9987
13.0617	46.008
13.1826	46.0173
13.3045	46.0264
13.4277	46.0355
13.5519	46.0444
13.6773	46.0532
13.8038	46.062
13.9316	46.0706
14.0605	46.0792
14.1906	46.0876
14.3219	46.096
14.4544	46.1042
14.5881	46.1124
14.7231	46.1205
14.8594	46.1285
14.9968	46.1364
15.1356	46.1443
15.2757	46.152
15.417	46.1597
15.5597	46.1673
15.7036	46.1748
15.8489	46.1822
15.9956	46.1896
16.1436	46.1969
16.293	46.2041
16.4437	46.2112
16.5959	46.2183
16.7494	46.2253
16.9044	46.2322
17.0608	46.2391
17.2187	46.2459
17.378	46.2526
17.5388	46.2593
17.7011	46.2659
17.8649	46.2725
18.0302	46.2789
18.197	46.2854
18.3654	46.2917
18.5353	46.298
18.7068	46.3043
18.8799	46.3105
19.0546	46.3166
19.2309	46.3227
19.4089	46.3287
19.5884	46.3347
19.7697	46.3406
19.9526	46.3465
20.1372	46.3523
20.3236	46.3581
20.5116	46.3638
20.7014	46.3695
20.893	46.3752
21.0863	46.3807
21.2814	46.3863
21.4783	46.3918
21.677	46.3972
21.8776	46.4026
22.08	46.408
22.2844	46.4133
22.4905	46.4186
22.6986	46.4238
22.9087	46.429
23.1206	46.4341
23.3346	46.4392
23.5505	46.4443
23.7684	46.4493
23.9883	46.4543
24.2103	46.4593
24.4343	46.4642
24.6604	46.4691
24.8886	46.4739
25.1189	46.4787
25.3513	46.4835
25.5859	46.4883
25.8226	46.493
26.0615	46.4976
26.3027	46.5023
26.5461	46.5069
26.7917	46.5114
27.0396	46.516
27.2898	46.5205
27.5423	46.525
27.7971	46.5294
28.0543	46.5338
28.3139	46.5382
28.5759	46.5426
28.8403	46.5469
29.1072	46.5512
29.3765	46.5555
29.6483	46.5597
29.9226	46.5639
30.1995	46.5681
30.4789	46.5722
30.761	46.5764
31.0456	46.5805
31.3329	46.5846
31.6228	46.5886
31.9154	46.5926
32.2107	46.5966
32.5087	46.6006
32.8095	46.6045
33.1131	46.6085
33.4195	46.6124
33.7287	46.6162
34.0408	46.6201
34.3558	46.6239
34.6737	46.6277
34.9945	46.6315
35.3183	46.6352
35.6451	46.639
35.9749	46.6427
36.3078	46.6464
36.6438	46.65
36.9828	46.6537
37.325	46.6573
37.6704	46.6609
38.0189	46.6645
38.3707	46.668
38.7258	46.6716
39.0841	46.6751
39.4457	46.6786
39.8107	46.6821
40.1791	46.6855
40.5509	46.6889
40.9261	46.6924
41.3048	46.6958
41.6869	46.6991
42.0727	46.7025
42.462	46.7058
42.8548	46.7091
43.2514	46.7124
43.6516	46.7157
44.0555	46.719
44.4631	46.7222
44.8745	46.7255
45.2898	46.7287
45.7088	46.7319
46.1318	46.735
46.5586	46.7382
46.9894	46.7413
47.4242	46.7444
47.863	46.7475
48.3059	46.7506
48.7528	46.7537
49.204	46.7567
49.6592	46.7598
50.1187	46.7628
50.5825	46.7658
51.0505	46.7688
51.5229	46.7718
51.9996	46.7747
52.4807	46.7777
52.9663	46.7806
53.4564	46.7835
53.9511	46.7864
54.4503	46.7892
54.9541	46.7921
55.4626	46.7949
55.9758	46.7978
56.4937	46.8006
57.0164	46.8034
57.544	46.8062
58.0764	46.8089
58.6138	46.8117
59.1562	46.8144
59.7035	46.8172
60.256	46.8199
60.8135	46.8226
61.3762	46.8252
61.9441	46.8279
62.5173	46.8306
63.0957	46.8332
63.6796	46.8358
64.2688	46.8384
64.8634	46.841
65.4636	46.8436
66.0694	46.8462
66.6807	46.8487
67.2977	46.8513
67.9204	46.8538
68.5488	46.8563
69.1831	46.8588
69.8232	46.8613
70.4693	46.8638
71.1214	46.8663
71.7794	46.8687
72.4436	46.8712
73.1139	46.8736
73.7904	46.876
74.4732	46.8784
75.1623	46.8808
75.8578	46.8832
76.5597	46.8855
77.2681	46.8879
77.983	46.8902
78.7046	46.8925
79.4328	46.8948
80.1678	46.8971
80.9096	46.8994
81.6582	46.9017
82.4138	46.904
83.1764	46.9062
83.946	46.9085
84.7227	46.9107
85.5067	46.9129
86.2979	46.9151
87.0964	46.9173
87.9023	46.9195
88.7156	46.9216
89.5365	46.9238
90.3649	46.926
91.2011	46.9281
92.045	46.9302
92.8967	46.9323
93.7562	46.9344
94.6237	46.9365
95.4993	46.9386
96.3829	46.9407
97.2747	46.9427
98.1748	46.9448
99.0832	46.9468
