0.1	0.0280109
0.100925	0.0282977
0.101859	0.0285872
0.102802	0.0288796
0.103753	0.0291744
0.104713	0.029472
0.105682	0.0297724
0.10666	0.0300756
0.107647	0.0303815
0.108643	0.0306903
0.109648	0.0310018
0.110662	0.0315136
0.111686	0.0321844
0.11272	0.0328618
0.113763	0.0335451
0.114815	0.0342343
0.115878	0.0349307
0.11695	0.035633
0.118032	0.0363418
0.119124	0.0370572
0.120226	0.0377792
0.121339	0.0385084
0.122462	0.0392441
0.123595	0.0399863
0.124738	0.0407351
0.125893	0.0414918
0.127057	0.0422544
0.128233	0.0430248
0.12942	0.0438024
0.130617	0.0445866
0.131826	0.0453787
0.133045	0.0461773
0.134277	0.0469844
0.135519	0.047798
0.136773	0.0486196
0.138038	0.0494483
0.139316	0.0502856
0.140605	0.05113
0.141906	0.0519823
0.143219	0.0528425
0.144544	0.0537106
0.145881	0.0545865
0.147231	0.0554709
0.148594	0.0563638
0.149968	0.057264
0.151356	0.0581733
0.152757	0.0590911
0.15417	0.0600168
0.155597	0.0609517
0.157036	0.0618944
0.158489	0.0628463
0.159956	0.0638074
0.161436	0.064777
0.16293	0.0657557
0.164437	0.066743
0.165959	0.0677401
0.167494	0.0687457
0.169044	0.0697612
0.170608	0.0707858
0.172187	0.0718202
0.17378	0.0728638
0.175388	0.0739173
0.177011	0.0749805
0.178649	0.0760536
0.180302	0.0771366
0.18197	0.0782293
0.183654	0.0793325
0.185353	0.0804456
0.187068	0.0815691
0.188799	0.0827032
0.190546	0.0838477
0.192309	0.0850027
0.194089	0.0861688
0.195884	0.0873447
0.197697	0.0885325
0.199526	0.0897307
0.201372	0.0909401
0.203236	0.0921612
0.205116	0.0933929
0.207014	0.0946363
0.20893	0.0958915
0.210863	0.0971338
0.212814	0.0983431
0.214783	0.0995636
0.21677	0.100795
0.218776	0.102039
0.2208	0.103293
0.222844	0.10456
0.224905	0.105838
0.226986	0.107128
0.229087	0.10843
0.231206	0.109744
0.233346	0.11107
0.235505	0.112408
0.237684	0.113759
0.239883	0.115122
0.242103	0.116498
0.244343	0.117887
0.246604	0.119288
0.248886	0.120703
0.251189	0.12213
0.253513	0.123571
0.255859	0.125025
0.258226	0.126492
0.260615	0.127973
0.263027	0.129468
0.265461	0.130977
0.267917	0.132499
0.270396	0.134036
0.272898	0.135587
0.275423	0.137152
0.277971	0.138731
0.280543	0.140325
0.283139	0.141935
0.285759	0.143559
0.288403	0.145197
0.291072	0.146852
0.293765	0.148521
0.296483	0.150206
0.299226	0.151906
0.301995	0.153623
0.30479	0.155355
0.30761	0.157103
0.310456	0.158843
0.313329	0.160256
0.316228	0.161682
0.319154	0.163121
0.322107	0.164573
0.325087	0.166038
0.328095	0.167517
0.331131	0.16901
0.334195	0.170517
0.337287	0.172037
0.340408	0.173572
0.343558	0.175121
0.346737	0.176684
0.349945	0.178262
0.353183	0.179854
0.356451	0.181461
0.359749	0.183083
0.363078	0.18472
0.366438	0.186372
0.369828	0.188039
0.37325	0.189722
0.376704	0.19142
0.380189	0.193134
0.383707	0.194864
0.387258	0.19661
0.390841	0.198372
0.394457	0.20015
0.398107	0.201945
0.401791	0.203756
0.405509	0.205584
0.409261	0.207429
0.413047	0.209049
0.416869	0.210584
0.420727	0.212134
0.42462	0.213697
0.428549	0.215275
0.432514	0.216867
0.436516	0.218475
0.440555	0.220097
0.444631	0.221734
0.448745	0.223386
0.452898	0.225054
0.457088	0.226737
0.461318	0.228436
0.465586	0.23015
0.469894	0.23188
0.474242	0.233626
0.47863	0.235388
0.483059	0.237167
0.487528	0.238962
0.49204	0.240774
0.496592	0.242602
0.501187	0.244448
0.505825	0.24631
0.510505	0.248187
0.515229	0.249804
0.519996	0.251437
0.524807	0.253085
0.529663	0.254748
0.534564	0.256426
0.539511	0.258121
0.544503	0.25983
0.549541	0.261556
0.554626	0.263297
0.559758	0.265055
0.564937	0.266829
0.570164	0.268619
0.57544	0.270426
0.580764	0.272249
0.586138	0.27409
0.591562	0.275947
0.597035	0.277822
0.60256	0.279714
0.608135	0.281623
0.613762	0.283413
0.619441	0.285116
0.625173	0.286834
0.630957	0.288568
0.636796	0.290319
0.642688	0.292085
0.648634	0.293868
0.654636	0.295667
0.660693	0.297483
0.666807	0.299316
0.672977	0.301166
0.679204	0.303033
0.685488	0.304917
0.691831	0.306819
0.698232	0.308738
0.704693	0.310675
0.711214	0.312611
0.717794	0.314364
0.724436	0.316133
0.731139	0.317919
0.737904	0.319721
0.744732	0.32154
0.751623	0.323376
0.758578	0.325229
0.765597	0.327099
0.772681	0.328986
0.77983	0.330891
0.787046	0.332813
0.794328	0.334753
0.801678	0.336711
0.809096	0.338687
0.816582	0.340521
0.824138	0.342326
0.831764	0.344148
0.83946	0.345987
0.847227	0.347843
0.855067	0.349716
0.862979	0.351606
0.870964	0.353514
0.879023	0.35544
0.887156	0.357383
0.895365	0.359344
0.903649	0.361324
0.912011	0.363294
0.92045	0.365113
0.928966	0.366948
0.937562	0.368801
0.946237	0.370671
0.954993	0.372558
0.963829	0.374463
0.972747	0.376385
0.981748	0.378325
0.990832	0.380283
1	0.382259
1.00925	0.384253
1.01859	0.386111
1.02802	0.387954
1.03753	0.389812
1.04713	0.391688
1.05682	0.393582
1.0666	0.395492
1.07647	0.397421
1.08643	0.399367
1.09648	0.401331
1.10662	0.403312
1.11686	0.40521
1.1272	0.407048
1.13763	0.408902
1.14815	0.410773
1.15878	0.412662
1.1695	0.414568
1.18032	0.416492
1.19124	0.418433
1.20226	0.420392
1.21339	0.422335
1.22462	0.424158
1.23595	0.425997
1.24738	0.427852
1.25893	0.429727
1.27057	0.431616
1.28233	0.433525
1.2942	0.435451
1.30617	0.437394
1.31826	0.43926
1.33045	0.441072
1.34276	0.442902
1.35519	0.44475
1.36773	0.446614
1.38038	0.448495
1.39316	0.450395
1.40605	0.452311
1.41906	0.454151
1.43219	0.455944
1.44544	0.457753
1.45881	0.459579
1.47231	0.461423
1.48594	0.463284
1.49968	0.46516
1.51356	0.467032
1.52757	0.468794
1.5417	0.470572
1.55597	0.472367
1.57036	0.474178
1.58489	0.476005
1.59956	0.477851
1.61436	0.479685
1.6293	0.481421
1.64437	0.483172
1.65959	0.484941
1.67494	0.486724
1.69044	0.488526
1.70608	0.490343
1.72187	0.492089
1.7378	0.493804
1.75388	0.495534
1.77011	0.497281
1.78649	0.499044
1.80302	0.500823
1.8197	0.502555
1.83654	0.504238
1.85353	0.505935
1.87068	0.507648
1.88799	0.509377
1.90546	0.511123
1.92309	0.512805
1.94089	0.514459
1.95884	0.516128
1.97697	0.517813
1.99526	0.519513
2.01372	0.521217
2.03236	0.522833
2.05116	0.524463
2.07014	0.526108
2.0893	0.52777
2.10863	0.529445
2.12814	0.531044
2.14783	0.532639
2.1677	0.534249
2.18776	0.535874
2.208	0.537513
2.22844	0.539085
2.24905	0.540648
2.26986	0.542226
2.29087	0.54382
2.31206	0.545428
2.33346	0.546951
2.35505	0.548487
2.37684	0.550038
2.39883	0.551603
2.42103	0.553145
2.44343	0.554643
2.46604	0.556156
2.48886	0.557682
2.51189	0.559223
2.53513	0.560688
2.55859	0.562165
2.58226	0.563656
2.60615	0.56516
2.63027	0.566615
2.65461	0.56806
2.67917	0.569519
2.70396	0.570991
2.72898	0.572423
2.75423	0.573839
2.77971	0.575268
2.80543	0.57671
2.83139	0.578109
2.85759	0.5795
2.88403	0.580903
2.91072	0.582319
2.93765	0.583678
2.96483	0.585044
2.99226	0.586423
3.01995	0.587796
3.04789	0.589128
3.0761	0.590473
3.10456	0.591829
3.13329	0.59315
3.16228	0.594463
3.19154	0.595787
3.22107	0.597106
3.25087	0.59839
3.28095	0.599685
3.31131	0.600993
3.34195	0.602252
3.37287	0.60352
3.40408	0.604799
3.43558	0.606048
3.46737	0.60729
3.49945	0.608543
3.53183	0.609775
3.56451	0.610994
3.59749	0.612223
3.63078	0.613435
3.66438	0.614632
3.69828	0.615839
3.7325	0.617028
3.76704	0.618204
3.80189	0.619391
3.83707	0.620554
3.87258	0.621711
3.90841	0.622879
3.94457	0.624015
3.98107	0.625154
4.01791	0.626299
4.05509	0.627412
4.09261	0.628535
4.13047	0.629647
4.16869	0.630745
4.20727	0.631853
4.2462	0.632934
4.28549	0.634018
4.32514	0.635099
4.36516	0.63616
4.40555	0.63723
4.44631	0.638278
4.48745	0.639327
4.52898	0.640372
4.57088	0.6414
4.61318	0.642438
4.65586	0.643448
4.69894	0.644466
4.74242	0.64547
4.7863	0.646469
4.83059	0.647465
4.87529	0.648447
4.9204	0.649434
4.96592	0.650399
5.01187	0.651373
5.05825	0.652325
5.10505	0.653284
5.15229	0.654225
5.19996	0.655168
5.24807	0.656098
5.29663	0.657027
5.34564	0.657945
5.39511	0.65886
5.44503	0.659766
5.49541	0.660669
5.54626	0.661562
5.59758	0.662452
5.64937	0.663331
5.70164	0.664209
5.7544	0.665076
5.80764	0.665943
5.86138	0.666795
5.91562	0.667651
5.97035	0.66849
6.0256	0.669332
6.08135	0.670161
6.13762	0.670989
6.19441	0.671809
6.25173	0.672622
6.30957	0.673434
6.36796	0.674232
6.42688	0.675031
6.48634	0.675819
6.54636	0.676604
6.60693	0.677385
6.66807	0.678155
6.72977	0.678925
6.79204	0.679685
6.85488	0.68044
6.91831	0.681194
6.98232	0.681935
7.04693	0.682674
7.11214	0.68341
7.17794	0.684135
7.24436	0.684858
7.31139	0.685577
7.37904	0.686286
7.44732	0.686992
7.51623	0.687695
7.58578	0.688388
7.65597	0.689077
7.72681	0.689764
7.7983	0.690442
7.87046	0.691115
7.94328	0.691785
8.01678	0.692451
8.09096	0.693108
8.16582	0.693761
8.24138	0.69441
8.31764	0.695055
8.3946	0.695692
8.47227	0.696324
8.55067	0.696953
8.62979	0.697578
8.70964	0.698197
8.79023	0.69881
8.87156	0.699418
8.95365	0.700023
9.03649	0.700623
9.12011	0.701218
9.2045	0.701808
9.28966	0.702392
9.37562	0.702973
9.46237	0.703549
9.54993	0.704121
9.63829	0.704688
9.72747	0.705251
9.81748	0.705809
9.90832	0.706362
10	0.706911
10.0925	0.707455
10.1859	0.707996
10.2802	0.708532
10.3753	0.709063
10.4713	0.709591
10.5682	0.710114
10.666	0.710633
10.7647	0.711147
10.8643	0.711658
10.9648	0.712164
11.0662	0.712666
11.1686	0.713164
11.272	0.713659
11.3763	0.714149
11.4815	0.714635
11.5878	0.715117
11.695	0.715596
11.8032	0.71607
11.9124	0.716541
12.0226	0.717007
12.1339	0.71747
12.2462	0.717929
12.3595	0.718383
12.4738	0.718835
12.5893	0.719283
12.7057	0.719726
12.8233	0.720167
12.942	0.720603
13.0617	0.721036
13.1826	0.721466
13.3045	0.721892
13.4277	0.722315
13.5519	0.722733
13.6773	0.723148
13.8038	0.72356
13.9316	0.723969
14.0605	0.724374
14.1906	0.724775
14.3219	0.725174
14.4544	0.725569
14.5881	0.72596
14.7231	0.726349
14.8594	0.726734
14.9968	0.727116
15.1356	0.727494
15.2757	0.72787
15.417	0.728243
15.5597	0.728612
15.7036	0.728978
15.8489	0.729341
15.9956	0.729701
16.1436	0.730058
16.293	0.730412
16.4437	0.730762
16.5959	0.73111
16.7494	0.731455
16.9044	0.731798
17.0608	0.732137
17.2187	0.732473
17.378	0.732806
17.5388	0.733137
17.7011	0.733465
17.8649	0.73379
18.0302	0.734112
18.197	0.734431
18.3654	0.734748
18.5353	0.735062
18.7068	0.735374
18.8799	0.735682
19.0546	0.735988
19.2309	0.736292
19.4089	0.736593
19.5884	0.736891
19.7697	0.737186
19.9526	0.73748
20.1372	0.73777
20.3236	0.738058
20.5116	0.738344
20.7014	0.738627
20.893	0.738908
21.0863	0.739186
21.2814	0.739462
21.4783	0.739736
21.677	0.740007
21.8776	0.740276
22.08	0.740542
22.2844	0.740807
22.4905	0.741068
22.6986	0.741328
22.9087	0.741586
23.1206	0.741841
23.3346	0.742094
23.5505	0.742345
23.7684	0.742593
23.9883	0.74284
24.2103	0.743084
24.4343	0.743326
24.6604	0.743566
24.8886	0.743804
25.1189	0.74404
25.3513	0.744274
25.5859	0.744506
25.8226	0.744736
26.0615	0.744964
26.3027	0.74519
26.5461	0.745414
26.7917	0.745635
27.0396	0.745855
27.2898	0.746073
27.5423	0.746289
27.7971	0.746504
28.0543	0.746716
28.3139	0.746926
28.5759	0.747135
28.8403	0.747342
29.1072	0.747547
29.3765	0.74775
29.6483	0.747951
29.9226	0.748151
30.1995	0.748349
30.4789	0.748545
30.761	0.74874
31.0456	0.748932
31.3329	0.749123
31.6228	0.749313
31.9154	0.7495
32.2107	0.749686
32.5087	0.749871
32.8095	0.750053
33.1131	0.750235
33.4195	0.750414
33.7287	0.750592
34.0408	0.750769
34.3558	0.750944
34.6737	0.751117
34.9945	0.751289
35.3183	0.751459
35.6451	0.751628
35.9749	0.751795
36.3078	0.751961
36.6438	0.752125
36.9828	0.752288
37.325	0.752449
37.6704	0.752609
38.0189	0.752768
38.3707	0.752925
38.7258	0.753081
39.0841	0.753235
39.4457	0.753388
39.8107	0.75354
40.1791	0.75369
40.5509	0.753839
40.9261	0.753987
41.3048	0.754133
41.6869	0.754278
42.0727	0.754422
42.462	0.754565
42.8548	0.754706
43.2514	0.754846
43.6516	0.754984
44.0555	0.755122
44.4631	0.755258
44.8745	0.755393
45.2898	0.755527
45.7088	0.75566
46.1318	0.755791
46.5586	0.755921
46.9894	0.75605
47.4242	0.756178
47.863	0.756305
48.3059	0.756431
48.7528	0.756555
49.204	0.756679
49.6592	0.756801
50.1187	0.756922
50.5825	0.757043
51.0505	0.757162
51.5229	0.75728
51.9996	0.757397
52.4807	0.757513
52.9663	0.757628
53.4564	0.757742
53.9511	0.757854
54.4503	0.757966
54.9541	0.758077
55.4626	0.758187
55.9758	0.758296
56.4937	0.758404
57.0164	0.758511
57.544	0.758616
58.0764	0.758721
58.6138	0.758825
59.1562	0.758929
59.7035	0.759031
60.256	0.759132
60.8135	0.759232
61.3762	0.759332
61.9441	0.759431
62.5173	0.759528
63.0957	0.759625
63.6796	0.759721
64.2688	0.759816
64.8634	0.75991
65.4636	0.760004
66.0694	0.760096
66.6807	0.760188
67.2977	0.760279
67.9204	0.760369
68.5488	0.760458
69.1831	0.760547
69.8232	0.760634
70.4693	0.760721
71.1214	0.760807
71.7794	0.760893
72.4436	0.760977
73.1139	0.761061
73.7904	0.761144
74.4732	0.761226
75.1623	0.761308
75.8578	0.761389
76.5597	0.761469
77.2681	0.761548
77.983	0.761627
78.7046	0.761705
79.4328	0.761782
80.1678	0.761858
80.9096	0.761934
81.6582	0.762009
82.4138	0.762084
83.1764	0.762158
83.946	0.762231
84.7227	0.762303
85.5067	0.762375
86.2979	0.762446
87.0964	0.762517
87.9023	0.762587
88.7156	0.762656
89.5365	0.762725
90.3649	0.762793
91.2011	0.76286
92.045	0.762927
92.8967	0.762993
93.7562	0.763059
94.6237	0.763124
95.4993	0.763188
96.3829	0.763252
97.2747	0.763315
98.1748	0.763378
99.0832	0.76344
