0.1	0.0271576
0.100925	0.0274367
0.101859	0.0277186
0.102802	0.0280031
0.103753	0.0282901
0.104713	0.0285798
0.105682	0.0288722
0.10666	0.0291673
0.107647	0.0294651
0.108643	0.0297656
0.109648	0.0300689
0.110662	0.0332921
0.111686	0.0388244
0.11272	0.0444107
0.113763	0.0500456
0.114815	0.0557292
0.115878	0.0614722
0.11695	0.0672638
0.118032	0.0731094
0.119124	0.0790091
0.120226	0.0849627
0.121339	0.0909759
0.122462	0.097043
0.123595	0.103164
0.124738	0.109339
0.125893	0.115579
0.127057	0.121868
0.128233	0.128222
0.12942	0.134634
0.130617	0.141101
0.131826	0.147633
0.133045	0.154219
0.134277	0.160875
0.135519	0.167585
0.136773	0.17436
0.138038	0.181194
0.139316	0.188099
0.140605	0.195063
0.141906	0.202091
0.143219	0.209185
0.144544	0.216344
0.145881	0.223567
0.147231	0.23086
0.148594	0.238224
0.149968	0.245647
0.151356	0.253146
0.152757	0.260715
0.15417	0.268349
0.155597	0.276059
0.157036	0.283833
0.158489	0.291683
0.159956	0.299609
0.161436	0.307605
0.16293	0.315676
0.164437	0.323818
0.165959	0.332041
0.167494	0.340334
0.169044	0.348708
0.170608	0.357157
0.172187	0.365688
0.17378	0.374295
0.175388	0.382982
0.177011	0.39175
0.178649	0.4006
0.180302	0.40953
0.18197	0.418542
0.183654	0.42764
0.185353	0.436819
0.187068	0.446084
0.188799	0.455436
0.190546	0.464875
0.192309	0.4744
0.194089	0.484016
0.195884	0.493714
0.197697	0.503509
0.199526	0.51339
0.201372	0.523364
0.203236	0.533434
0.205116	0.543591
0.207014	0.553845
0.20893	0.564197
0.210863	0.578516
0.212814	0.600131
0.214783	0.621946
0.21677	0.643961
0.218776	0.666185
0.2208	0.68861
0.222844	0.711255
0.224905	0.73409
0.226986	0.757145
0.229087	0.780423
0.231206	0.803899
0.233346	0.827609
0.235505	0.851529
0.237684	0.87567
0.239883	0.900033
0.242103	0.924629
0.244343	0.949447
0.246604	0.974497
0.248886	0.999779
0.251189	1.02529
0.253513	1.05104
0.255859	1.07703
0.258226	1.10326
0.260615	1.12973
0.263027	1.15645
0.265461	1.18342
0.267917	1.21063
0.270396	1.23809
0.272898	1.26581
0.275423	1.29379
0.277971	1.32202
0.280543	1.35051
0.283139	1.37927
0.285759	1.4083
0.288403	1.4376
0.291072	1.46717
0.293765	1.497
0.296483	1.52711
0.299226	1.5575
0.301995	1.58818
0.30479	1.61915
0.30761	1.65039
0.310456	1.68164
0.313329	1.70905
0.316228	1.7367
0.319154	1.76462
0.322107	1.79279
0.325087	1.82122
0.328095	1.84992
0.331131	1.87888
0.334195	1.90811
0.337287	1.93761
0.340408	1.96738
0.343558	1.99744
0.346737	2.02776
0.349945	2.05837
0.353183	2.08926
0.356451	2.12044
0.359749	2.1519
0.363078	2.18366
0.366438	2.21571
0.369828	2.24806
0.37325	2.2807
0.376704	2.31365
0.380189	2.3469
0.383707	2.38046
0.387258	2.41434
0.390841	2.44852
0.394457	2.48302
0.398107	2.51784
0.401791	2.55299
0.405509	2.58846
0.409261	2.62425
0.413047	2.65503
0.416869	2.68389
0.420727	2.71302
0.42462	2.74242
0.428549	2.77208
0.432514	2.80203
0.436516	2.83224
0.440555	2.86274
0.444631	2.89352
0.448745	2.92459
0.452898	2.95595
0.457088	2.98759
0.461318	3.01953
0.465586	3.05176
0.469894	3.08429
0.474242	3.11712
0.47863	3.15025
0.483059	3.1837
0.487528	3.21744
0.49204	3.25152
0.496592	3.28589
0.501187	3.32059
0.505825	3.35561
0.510505	3.39081
0.515229	3.41453
0.519996	3.43847
0.524807	3.46263
0.529663	3.48701
0.534564	3.51162
0.539511	3.53647
0.544503	3.56154
0.549541	3.58683
0.554626	3.61237
0.559758	3.63814
0.564937	3.66415
0.570164	3.6904
0.57544	3.71689
0.580764	3.74362
0.586138	3.77061
0.591562	3.79785
0.597035	3.82533
0.60256	3.85308
0.608135	3.88107
0.613762	3.90421
0.619441	3.92371
0.625173	3.94339
0.630957	3.96325
0.636796	3.98329
0.642688	4.00352
0.648634	4.02393
0.654636	4.04454
0.660693	4.06533
0.666807	4.08632
0.672977	4.10751
0.679204	4.12889
0.685488	4.15046
0.691831	4.17224
0.698232	4.19421
0.704693	4.21639
0.711214	4.23824
0.717794	4.25473
0.724436	4.27137
0.731139	4.28817
0.737904	4.30512
0.744732	4.32222
0.751623	4.33949
0.758578	4.35692
0.765597	4.3745
0.772681	4.39225
0.77983	4.41017
0.787046	4.42825
0.794328	4.44649
0.801678	4.46491
0.809096	4.4835
0.816582	4.49621
0.824138	4.50735
0.831764	4.5186
0.83946	4.52995
0.847227	4.5414
0.855067	4.55296
0.862979	4.56463
0.870964	4.5764
0.879023	4.58829
0.887156	4.60028
0.895365	4.61239
0.903649	4.6246
0.912011	4.63629
0.92045	4.6442
0.928966	4.65218
0.937562	4.66024
0.946237	4.66837
0.954993	4.67658
0.963829	4.68486
0.972747	4.69322
0.981748	4.70165
0.990832	4.71017
1	4.71876
1.00925	4.72743
1.01859	4.7337
1.02802	4.73949
1.03753	4.74532
1.04713	4.75122
1.05682	4.75717
1.0666	4.76317
1.07647	4.76923
1.08643	4.77534
1.09648	4.78151
1.10662	4.78773
1.11686	4.79093
1.1272	4.79183
1.13763	4.79273
1.14815	4.79365
1.15878	4.79457
1.1695	4.79551
1.18032	4.79645
1.19124	4.7974
1.20226	4.79836
1.21339	4.80039
1.22462	4.80654
1.23595	4.81274
1.24738	4.819
1.25893	4.82532
1.27057	4.83169
1.28233	4.83813
1.2942	4.84463
1.30617	4.85119
1.31826	4.85147
1.33045	4.84726
1.34276	4.843
1.35519	4.83871
1.36773	4.83437
1.38038	4.83
1.39316	4.82558
1.40605	4.82112
1.41906	4.82437
1.43219	4.83288
1.44544	4.84147
1.45881	4.85013
1.47231	4.85888
1.48594	4.86771
1.49968	4.87661
1.51356	4.88262
1.52757	4.87273
1.5417	4.86277
1.55597	4.8527
1.57036	4.84255
1.58489	4.8323
1.59956	4.82195
1.61436	4.81458
1.6293	4.81978
1.64437	4.82503
1.65959	4.83032
1.67494	4.83566
1.69044	4.84106
1.70608	4.8465
1.72187	4.84769
1.7378	4.8466
1.75388	4.8455
1.77011	4.84439
1.78649	4.84327
1.80302	4.84214
1.8197	4.83393
1.83654	4.81804
1.85353	4.802
1.87068	4.78582
1.88799	4.76949
1.90546	4.753
1.92309	4.75593
1.94089	4.76974
1.95884	4.78367
1.97697	4.79774
1.99526	4.81193
2.01372	4.82417
2.03236	4.81837
2.05116	4.81251
2.07014	4.80659
2.0893	4.80063
2.10863	4.7946
2.12814	4.78892
2.14783	4.78326
2.1677	4.77755
2.18776	4.77179
2.208	4.76597
2.22844	4.75915
2.24905	4.75205
2.26986	4.74488
2.29087	4.73764
2.31206	4.73033
2.33346	4.74106
2.35505	4.7519
2.37684	4.76283
2.39883	4.77387
2.42103	4.77865
2.44343	4.77383
2.46604	4.76897
2.48886	4.76406
2.51189	4.75911
2.53513	4.74928
2.55859	4.73928
2.58226	4.72919
2.60615	4.71901
2.63027	4.71179
2.65461	4.70556
2.67917	4.69928
2.70396	4.69294
2.72898	4.69143
2.75423	4.69242
2.77971	4.69342
2.80543	4.69443
2.83139	4.69114
2.85759	4.68619
2.88403	4.68119
2.91072	4.67614
2.93765	4.67315
2.96483	4.67029
2.99226	4.66741
3.01995	4.66659
3.04789	4.67173
3.0761	4.67691
3.10456	4.68214
3.13329	4.68096
3.16228	4.67715
3.19154	4.6733
3.22107	4.66922
3.25087	4.66457
3.28095	4.65987
3.31131	4.65513
3.34195	4.64406
3.37287	4.63252
3.40408	4.62088
3.43558	4.62102
3.46737	4.62596
3.49945	4.63095
3.53183	4.63784
3.56451	4.64618
3.59749	4.6546
3.63078	4.65271
3.66438	4.64139
3.69828	4.62997
3.7325	4.62105
3.76704	4.61413
3.80189	4.60715
3.83707	4.60181
3.87258	4.59726
3.90841	4.59267
3.94457	4.58954
3.98107	4.58662
4.01791	4.58434
4.05509	4.58714
4.09261	4.58996
4.13047	4.59083
4.16869	4.58919
4.20727	4.58753
4.2462	4.58417
4.28549	4.58043
4.32514	4.57859
4.36516	4.58163
4.40555	4.5847
4.44631	4.5819
4.48745	4.57753
4.52898	4.57023
4.57088	4.55768
4.61318	4.54501
4.65586	4.54539
4.69894	4.54609
4.74242	4.54823
4.7863	4.55119
4.83059	4.54724
4.87529	4.53119
4.9204	4.51552
4.96592	4.50322
5.01187	4.49081
5.05825	4.49993
5.10505	4.51045
5.15229	4.52033
5.19996	4.53011
5.24807	4.52816
5.29663	4.52092
5.34564	4.50986
5.39511	4.49645
5.44503	4.48579
5.49541	4.47692
5.54626	4.4741
5.59758	4.47513
5.64937	4.48245
5.70164	4.49307
5.7544	4.50364
5.80764	4.51425
5.86138	4.51816
5.91562	4.52093
5.97035	4.51515
6.0256	4.50809
6.08135	4.49553
6.13762	4.4836
6.19441	4.4727
6.25173	4.46845
6.30957	4.46816
6.36796	4.47383
6.42688	4.47949
6.48634	4.48186
6.54636	4.48012
6.60693	4.47434
6.66807	4.46586
6.72977	4.45728
6.79204	4.4501
6.85488	4.44497
6.91831	4.44125
6.98232	4.44129
7.04693	4.44234
7.11214	4.44453
7.17794	4.4445
7.24436	4.44173
7.31139	4.43531
7.37904	4.42622
7.44732	4.41853
7.51623	4.41289
7.58578	4.41528
7.65597	4.42043
7.72681	4.42779
7.7983	4.43519
7.87046	4.44037
7.94328	4.44386
8.01678	4.44572
8.09096	4.44594
8.16582	4.44558
8.24138	4.44481
8.31764	4.44382
8.3946	4.44305
8.47227	4.44227
8.55067	4.4408
8.62979	4.43785
8.70964	4.43196
8.79023	4.4225
8.87156	4.41216
8.95365	4.403
9.03649	4.39717
9.12011	4.39659
9.2045	4.40019
9.28966	4.40354
9.37562	4.40358
9.46237	4.39982
9.54993	4.39475
9.63829	4.39333
9.72747	4.40082
9.81748	4.42173
9.90832	4.45179
10	4.48206
10.0925	4.50489
10.1859	4.5156
10.2802	4.51574
10.3753	4.50956
10.4713	4.50186
10.5682	4.49614
10.666	4.49322
10.7647	4.49222
10.8643	4.49215
10.9648	4.49221
11.0662	4.49206
11.1686	4.49168
11.272	4.49102
11.3763	4.49008
11.4815	4.48892
11.5878	4.48763
11.695	4.48629
11.8032	4.485
11.9124	4.48378
12.0226	4.48261
12.1339	4.4815
12.2462	4.48042
12.3595	4.47936
12.4738	4.47832
12.5893	4.47726
12.7057	4.47617
12.8233	4.47507
12.942	4.47396
13.0617	4.47286
13.1826	4.47177
13.3045	4.47071
13.4277	4.46966
13.5519	4.46862
13.6773	4.46759
13.8038	4.46659
13.9316	4.46565
14.0605	4.46479
14.1906	4.46402
14.3219	4.46325
14.4544	4.4623
14.5881	4.46104
14.7231	4.45941
14.8594	4.45775
14.9968	4.45665
15.1356	4.45673
15.2757	4.45853
15.417	4.46106
15.5597	4.46278
15.7036	4.46226
15.8489	4.45803
15.9956	4.45112
16.1436	4.44376
16.293	4.43831
16.4437	4.43667
16.5959	4.43866
16.7494	4.44236
16.9044	4.44599
17.0608	4.44772
17.2187	4.44752
17.378	4.44593
17.5388	4.44385
17.7011	4.44197
17.8649	4.44054
18.0302	4.4395
18.197	4.43882
18.3654	4.4384
18.5353	4.43815
18.7068	4.43796
18.8799	4.43768
19.0546	4.43722
19.2309	4.43657
19.4089	4.43579
19.5884	4.43498
19.7697	4.43422
19.9526	4.43351
20.1372	4.43283
20.3236	4.43213
20.5116	4.43139
20.7014	4.43061
20.893	4.42984
21.0863	4.42911
21.2814	4.42846
21.4783	4.4279
21.677	4.42737
21.8776	4.42684
22.08	4.42627
22.2844	4.42566
22.4905	4.42502
22.6986	4.42439
22.9087	4.42378
23.1206	4.4232
23.3346	4.42264
23.5505	4.42208
23.7684	4.42151
23.9883	4.42093
24.2103	4.42033
24.4343	4.41972
24.6604	4.41912
24.8886	4.41852
25.1189	4.41794
25.3513	4.41739
25.5859	4.41688
25.8226	4.4164
26.0615	4.41593
26.3027	4.41545
26.5461	4.41495
26.7917	4.41441
27.0396	4.41386
27.2898	4.41332
27.5423	4.41281
27.7971	4.41234
28.0543	4.41187
28.3139	4.41139
28.5759	4.41085
28.8403	4.4103
29.1072	4.40979
29.3765	4.40939
29.6483	4.40918
29.9226	4.40905
30.1995	4.40876
30.4789	4.40802
30.761	4.40657
31.0456	4.40453
31.3329	4.40243
31.6228	4.40087
31.9154	4.40041
32.2107	4.40111
32.5087	4.40242
32.8095	4.40373
33.1131	4.40444
33.4195	4.40433
33.7287	4.40369
34.0408	4.40283
34.3558	4.40209
34.6737	4.4016
34.9945	4.40128
35.3183	4.40105
35.6451	4.4008
35.9749	4.4005
36.3078	4.40015
36.6438	4.39977
36.9828	4.39939
37.325	4.39902
37.6704	4.39864
38.0189	4.39827
38.3707	4.39787
38.7258	4.39747
39.0841	4.39706
39.4457	4.39665
39.8107	4.39626
40.1791	4.39589
40.5509	4.39554
40.9261	4.39522
41.3048	4.39492
41.6869	4.39463
42.0727	4.39436
42.462	4.39407
42.8548	4.39376
43.2514	4.39343
43.6516	4.39308
44.0555	4.39272
44.4631	4.39238
44.8745	4.39206
45.2898	4.39175
45.7088	4.39144
46.1318	4.39113
46.5586	4.39081
46.9894	4.39049
47.4242	4.39019
47.863	4.38992
48.3059	4.38967
48.7528	4.38942
49.204	4.38917
49.6592	4.38888
50.1187	4.38856
50.5825	4.38822
51.0505	4.38791
51.5229	4.38766
51.9996	4.38747
52.4807	4.38732
52.9663	4.38716
53.4564	4.38695
53.9511	4.38667
54.4503	4.38637
54.9541	4.38608
55.4626	4.38585
55.9758	4.3857
56.4937	4.38553
57.0164	4.38527
57.544	4.38482
58.0764	4.38421
58.6138	4.38368
59.1562	4.38356
59.7035	4.38416
60.256	4.38553
60.8135	4.38718
61.3762	4.38846
61.9441	4.38873
62.5173	4.38766
63.0957	4.38576
63.6796	4.38366
64.2688	4.38203
64.8634	4.38128
65.4636	4.3812
66.0694	4.38144
66.6807	4.38164
67.2977	4.38157
67.9204	4.38127
68.5488	4.38086
69.1831	4.38047
69.8232	4.38016
70.4693	4.37994
71.1214	4.37978
71.7794	4.37964
72.4436	4.3795
73.1139	4.37935
73.7904	4.37919
74.4732	4.37901
75.1623	4.3788
75.8578	4.37859
76.5597	4.37838
77.2681	4.37818
77.983	4.37802
78.7046	4.37789
79.4328	4.37777
80.1678	4.37765
80.9096	4.37754
81.6582	4.37741
82.4138	4.37726
83.1764	4.37707
83.946	4.37685
84.7227	4.37661
85.5067	4.37638
86.2979	4.37619
87.0964	4.37604
87.9023	4.37593
88.7156	4.37583
89.5365	4.37571
90.3649	4.37557
91.2011	4.37541
92.045	4.37524
92.8967	4.3751
93.7562	4.37498
94.6237	4.37487
95.4993	4.37473
96.3829	4.37452
97.2747	4.37419
98.1748	4.37371
99.0832	4.37304
