0.1	0
0.100925	0
0.101859	0
0.102802	0
0.103753	0
0.104713	0
0.105682	0
0.10666	0
0.107647	0
0.108643	0
0.109648	0
0.110662	0.00125801
0.111686	0.00351047
0.11272	0.00578493
0.113763	0.00807919
0.114815	0.0103932
0.115878	0.0127315
0.11695	0.0150895
0.118032	0.0174696
0.119124	0.0198716
0.120226	0.0222956
0.121339	0.0247439
0.122462	0.0272141
0.123595	0.0297063
0.124738	0.0322205
0.125893	0.0347612
0.127057	0.0373216
0.128233	0.0399084
0.12942	0.0425194
0.130617	0.0451524
0.131826	0.0478118
0.133045	0.0504932
0.134277	0.0532032
0.135519	0.0559352
0.136773	0.0586936
0.138038	0.0614761
0.139316	0.0642873
0.140605	0.0671227
0.141906	0.0699845
0.143219	0.0728726
0.144544	0.0757872
0.145881	0.0787281
0.147231	0.0816977
0.148594	0.0846958
0.149968	0.0877182
0.151356	0.0907713
0.152757	0.0938531
0.15417	0.0969612
0.155597	0.1001
0.157036	0.103265
0.158489	0.106462
0.159956	0.109688
0.161436	0.112944
0.16293	0.11623
0.164437	0.119545
0.165959	0.122893
0.167494	0.12627
0.169044	0.129679
0.170608	0.133119
0.172187	0.136593
0.17378	0.140097
0.175388	0.143634
0.177011	0.147204
0.178649	0.150807
0.180302	0.154443
0.18197	0.158112
0.183654	0.161816
0.185353	0.165553
0.187068	0.169326
0.188799	0.173134
0.190546	0.176976
0.192309	0.180854
0.194089	0.18477
0.195884	0.188718
0.197697	0.192706
0.199526	0.196729
0.201372	0.20079
0.203236	0.20489
0.205116	0.209026
0.207014	0.2132
0.20893	0.217415
0.210863	0.225366
0.212814	0.240225
0.214783	0.255222
0.21677	0.270356
0.218776	0.285635
0.2208	0.301051
0.222844	0.316619
0.224905	0.332316
0.226986	0.348166
0.229087	0.364168
0.231206	0.380308
0.233346	0.396607
0.235505	0.413051
0.237684	0.429647
0.239883	0.446396
0.242103	0.463305
0.244343	0.480366
0.246604	0.497586
0.248886	0.514967
0.251189	0.532508
0.253513	0.550209
0.255859	0.568077
0.258226	0.586105
0.260615	0.604301
0.263027	0.622672
0.265461	0.64121
0.267917	0.659916
0.270396	0.678798
0.272898	0.697854
0.275423	0.717086
0.277971	0.736493
0.280543	0.756082
0.283139	0.775854
0.285759	0.79581
0.288403	0.815948
0.291072	0.836276
0.293765	0.856787
0.296483	0.877489
0.299226	0.898381
0.301995	0.919471
0.30479	0.940759
0.30761	0.962237
0.310456	0.984009
0.313329	1.00736
0.316228	1.03093
0.319154	1.05472
0.322107	1.07872
0.325087	1.10295
0.328095	1.1274
0.331131	1.15208
0.334195	1.17699
0.337287	1.20213
0.340408	1.2275
0.343558	1.2531
0.346737	1.27895
0.349945	1.30503
0.353183	1.33135
0.356451	1.35791
0.359749	1.38472
0.363078	1.41179
0.366438	1.4391
0.369828	1.46666
0.37325	1.49448
0.376704	1.52256
0.380189	1.55089
0.383707	1.57949
0.387258	1.60835
0.390841	1.63748
0.394457	1.66687
0.398107	1.69655
0.401791	1.72649
0.405509	1.75672
0.409261	1.78722
0.413047	1.82295
0.416869	1.86105
0.420727	1.89952
0.42462	1.93834
0.428549	1.97751
0.432514	2.01705
0.436516	2.05695
0.440555	2.09722
0.444631	2.13786
0.448745	2.17888
0.452898	2.22029
0.457088	2.26207
0.461318	2.30424
0.465586	2.3468
0.469894	2.38975
0.474242	2.43311
0.47863	2.47686
0.483059	2.52102
0.487528	2.56558
0.49204	2.61057
0.496592	2.65595
0.501187	2.70177
0.505825	2.74801
0.510505	2.79483
0.515229	2.8549
0.519996	2.91551
0.524807	2.97668
0.529663	3.03843
0.534564	3.10075
0.539511	3.16365
0.544503	3.22713
0.549541	3.29119
0.554626	3.35585
0.559758	3.4211
0.564937	3.48695
0.570164	3.55342
0.57544	3.62051
0.580764	3.6882
0.586138	3.75653
0.591562	3.8255
0.597035	3.8951
0.60256	3.96535
0.608135	4.03624
0.613762	4.11119
0.619441	4.18941
0.625173	4.26835
0.630957	4.34801
0.636796	4.42843
0.642688	4.50957
0.648634	4.59146
0.654636	4.67413
0.660693	4.75755
0.666807	4.84175
0.672977	4.92673
0.679204	5.01249
0.685488	5.09903
0.691831	5.18639
0.698232	5.27455
0.704693	5.36353
0.711214	5.45367
0.717794	5.54797
0.724436	5.64317
0.731139	5.73923
0.737904	5.83619
0.744732	5.93405
0.751623	6.03281
0.758578	6.13249
0.765597	6.23309
0.772681	6.33462
0.77983	6.43708
0.787046	6.5405
0.794328	6.64486
0.801678	6.7502
0.809096	6.85652
0.816582	6.96742
0.824138	7.08038
0.831764	7.19438
0.83946	7.30943
0.847227	7.42553
0.855067	7.54273
0.862979	7.66101
0.870964	7.78038
0.879023	7.90085
0.887156	8.02243
0.895365	8.14515
0.903649	8.26899
0.912011	8.39502
0.92045	8.52839
0.928966	8.66298
0.937562	8.79884
0.946237	8.93594
0.954993	9.07433
0.963829	9.21398
0.972747	9.35492
0.981748	9.49718
0.990832	9.64075
1	9.78564
1.00925	9.93184
1.01859	10.0833
1.02802	10.2371
1.03753	10.3922
1.04713	10.5488
1.05682	10.7068
1.0666	10.8663
1.07647	11.0273
1.08643	11.1897
1.09648	11.3536
1.10662	11.519
1.11686	11.6923
1.1272	11.872
1.13763	12.0533
1.14815	12.2362
1.15878	12.421
1.1695	12.6073
1.18032	12.7954
1.19124	12.9852
1.20226	13.1768
1.21339	13.3691
1.22462	13.5589
1.23595	13.7504
1.24738	13.9435
1.25893	14.1387
1.27057	14.3354
1.28233	14.5341
1.2942	14.7347
1.30617	14.937
1.31826	15.1423
1.33045	15.3499
1.34276	15.5595
1.35519	15.7712
1.36773	15.9848
1.38038	16.2003
1.39316	16.4179
1.40605	16.6375
1.41906	16.8519
1.43219	17.0634
1.44544	17.2769
1.45881	17.4923
1.47231	17.7098
1.48594	17.9294
1.49968	18.1508
1.51356	18.3739
1.52757	18.5962
1.5417	18.8204
1.55597	19.0468
1.57036	19.2751
1.58489	19.5056
1.59956	19.7383
1.61436	19.9741
1.6293	20.2161
1.64437	20.4602
1.65959	20.7067
1.67494	20.9553
1.69044	21.2064
1.70608	21.4597
1.72187	21.7147
1.7378	21.9715
1.75388	22.2307
1.77011	22.4923
1.78649	22.7564
1.80302	23.0228
1.8197	23.2983
1.83654	23.5836
1.85353	23.8713
1.87068	24.1618
1.88799	24.455
1.90546	24.7509
1.92309	25.0223
1.94089	25.2812
1.95884	25.5423
1.97697	25.806
1.99526	26.0721
2.01372	26.3428
2.03236	26.635
2.05116	26.9297
2.07014	27.2273
2.0893	27.5277
2.10863	27.8307
2.12814	28.1198
2.14783	28.4082
2.1677	28.6991
2.18776	28.9929
2.208	29.2893
2.22844	29.6297
2.24905	29.9829
2.26986	30.3396
2.29087	30.6997
2.31206	31.0628
2.33346	31.3352
2.35505	31.6098
2.37684	31.8871
2.39883	32.1669
2.42103	32.4826
2.44343	32.8516
2.46604	33.224
2.48886	33.6
2.51189	33.9793
2.53513	34.3112
2.55859	34.6453
2.58226	34.9825
2.60615	35.3228
2.63027	35.6609
2.65461	36.0001
2.67917	36.3424
2.70396	36.6879
2.72898	37.0423
2.75423	37.403
2.77971	37.767
2.80543	38.1344
2.83139	38.5019
2.85759	38.8714
2.88403	39.2444
2.91072	39.6208
2.93765	40.004
2.96483	40.3909
2.99226	40.7814
3.01995	41.1761
3.04789	41.576
3.0761	41.9797
3.10456	42.387
3.13329	42.7682
3.16228	43.1405
3.19154	43.5163
3.22107	43.9148
3.25087	44.3672
3.28095	44.8239
3.31131	45.2849
3.34195	45.7371
3.37287	46.1927
3.40408	46.6526
3.43558	47.1012
3.46737	47.5478
3.49945	47.9985
3.53183	48.4357
3.56451	48.8638
3.59749	49.2959
3.63078	49.7367
3.66438	50.1859
3.69828	50.6392
3.7325	51.1152
3.76704	51.6103
3.80189	52.1099
3.83707	52.5982
3.87258	53.0832
3.90841	53.5727
3.94457	54.0533
3.98107	54.5362
4.01791	55.0275
4.05509	55.5521
4.09261	56.0816
4.13047	56.5956
4.16869	57.0887
4.20727	57.5864
4.2462	58.0877
4.28549	58.5934
4.32514	59.1101
4.36516	59.6479
4.40555	60.1906
4.44631	60.7108
4.48745	61.2285
4.52898	61.7592
4.57088	62.309
4.61318	62.8641
4.65586	63.4814
4.69894	64.1059
4.74242	64.7037
4.7863	65.2891
4.83059	65.8626
4.87529	66.411
4.9204	66.9694
4.96592	67.5664
5.01187	68.1691
5.05825	68.7966
5.10505	69.431
5.15229	70.0483
5.19996	70.6654
5.24807	71.2843
5.29663	71.9072
5.34564	72.5331
5.39511	73.1633
5.44503	73.795
5.49541	74.4298
5.54626	75.0831
5.59758	75.7505
5.64937	76.4246
5.70164	77.1053
5.7544	77.7869
5.80764	78.4728
5.86138	79.1942
5.91562	79.9271
5.97035	80.6695
6.0256	81.4092
6.08135	82.1119
6.13762	82.81
6.19441	83.4973
6.25173	84.1912
6.30957	84.8915
6.36796	85.617
6.42688	86.3566
6.48634	87.1257
6.54636	87.9095
6.60693	88.7076
6.66807	89.509
6.72977	90.3113
6.79204	91.1008
6.85488	91.8993
6.91831	92.7075
6.98232	93.5599
7.04693	94.4217
7.11214	95.293
7.17794	96.1402
7.24436	96.9839
7.31139	97.8223
7.37904	98.658
7.44732	99.4982
7.51623	100.343
7.58578	101.21
7.65597	102.096
7.72681	102.998
7.7983	103.908
7.87046	104.82
7.94328	105.737
8.01678	106.665
8.09096	107.614
8.16582	108.576
8.24138	109.548
8.31764	110.527
8.3946	111.504
8.47227	112.478
8.55067	113.453
8.62979	114.433
8.70964	115.427
8.79023	116.438
8.87156	117.463
8.95365	118.498
9.03649	119.536
9.12011	120.567
9.2045	121.572
9.28966	122.583
9.37562	123.64
9.46237	124.768
9.54993	125.95
9.63829	127.131
9.72747	128.251
9.81748	129.305
9.90832	130.379
10	131.549
10.0925	132.8
10.1859	134.074
10.2802	135.316
10.3753	136.516
10.4713	137.701
10.5682	138.899
10.666	140.123
10.7647	141.365
10.8643	142.618
10.9648	143.877
11.0662	145.145
11.1686	146.426
11.272	147.719
11.3763	149.024
11.4815	150.338
11.5878	151.666
11.695	153.005
11.8032	154.357
11.9124	155.721
12.0226	157.098
12.1339	158.488
12.2462	159.891
12.3595	161.306
12.4738	162.735
12.5893	164.179
12.7057	165.634
12.8233	167.104
12.942	168.587
13.0617	170.083
13.1826	171.593
13.3045	173.115
13.4277	174.654
13.5519	176.205
13.6773	177.771
13.8038	179.35
13.9316	180.947
14.0605	182.557
14.1906	184.182
14.3219	185.821
14.4544	187.473
14.5881	189.141
14.7231	190.827
14.8594	192.532
14.9968	194.252
15.1356	195.989
15.2757	197.741
15.417	199.507
15.5597	201.29
15.7036	203.088
15.8489	204.904
15.9956	206.737
16.1436	208.586
16.293	210.452
16.4437	212.335
16.5959	214.237
16.7494	216.154
16.9044	218.089
17.0608	220.04
17.2187	222.014
17.378	224.016
17.5388	226.046
17.7011	228.091
17.8649	230.138
18.0302	232.186
18.197	234.247
18.3654	236.338
18.5353	238.466
18.7068	240.624
18.8799	242.801
19.0546	244.991
19.2309	247.196
19.4089	249.422
19.5884	251.669
19.7697	253.941
19.9526	256.234
20.1372	258.548
20.3236	260.885
20.5116	263.242
20.7014	265.622
20.893	268.025
21.0863	270.449
21.2814	272.897
21.4783	275.366
21.677	277.859
21.8776	280.376
22.08	282.916
22.2844	285.481
22.4905	288.068
22.6986	290.681
22.9087	293.321
23.1206	295.984
23.3346	298.674
23.5505	301.386
23.7684	304.12
23.9883	306.878
24.2103	309.667
24.4343	312.487
24.6604	315.336
24.8886	318.213
25.1189	321.113
25.3513	324.037
25.5859	326.989
25.8226	329.969
26.0615	332.978
26.3027	336.016
26.5461	339.084
26.7917	342.18
27.0396	345.305
27.2898	348.461
27.5423	351.646
27.7971	354.861
28.0543	358.106
28.3139	361.383
28.5759	364.69
28.8403	368.029
29.1072	371.4
29.3765	374.802
29.6483	378.236
29.9226	381.703
30.1995	385.203
30.4789	388.736
30.761	392.304
31.0456	395.904
31.3329	399.538
31.6228	403.206
31.9154	406.909
32.2107	410.648
32.5087	414.423
32.8095	418.236
33.1131	422.085
33.4195	425.968
33.7287	429.887
34.0408	433.843
34.3558	437.837
34.6737	441.872
34.9945	445.95
35.3183	450.067
35.6451	454.212
35.9749	458.38
36.3078	462.58
36.6438	466.828
36.9828	471.14
37.325	475.512
37.6704	479.927
38.0189	484.371
38.3707	488.844
38.7258	493.356
39.0841	497.912
39.4457	502.516
39.8107	507.167
40.1791	511.862
40.5509	516.602
40.9261	521.387
41.3048	526.217
41.6869	531.093
42.0727	536.016
42.462	540.983
42.8548	545.995
43.2514	551.055
43.6516	556.161
44.0555	561.314
44.4631	566.515
44.8745	571.766
45.2898	577.068
45.7088	582.419
46.1318	587.825
46.5586	593.281
46.9894	598.791
47.4242	604.354
47.863	609.969
48.3059	615.639
48.7528	621.362
49.204	627.142
49.6592	632.973
50.1187	638.861
50.5825	644.805
51.0505	650.803
51.5229	656.86
51.9996	662.974
52.4807	669.146
52.9663	675.376
53.4564	681.666
53.9511	688.016
54.4503	694.425
54.9541	700.896
55.4626	707.428
55.9758	714.022
56.4937	720.677
57.0164	727.396
57.544	734.18
58.0764	741.029
58.6138	747.943
59.1562	754.923
59.7035	761.967
60.256	769.08
60.8135	776.259
61.3762	783.506
61.9441	790.821
62.5173	798.206
63.0957	805.659
63.6796	813.186
64.2688	820.783
64.8634	828.452
65.4636	836.195
66.0694	844.009
66.6807	851.895
67.2977	859.861
67.9204	867.913
68.5488	876.051
69.1831	884.264
69.8232	892.536
70.4693	900.863
71.1214	909.261
71.7794	917.747
72.4436	926.333
73.1139	935.011
73.7904	943.771
74.4732	952.609
75.1623	961.527
75.8578	970.531
76.5597	979.623
77.2681	988.802
77.983	998.068
78.7046	1007.42
79.4328	1016.86
80.1678	1026.39
80.9096	1036.01
81.6582	1045.72
82.4138	1055.51
83.1764	1065.4
83.946	1075.38
84.7227	1085.46
85.5067	1095.63
86.2979	1105.89
87.0964	1116.25
87.9023	1126.72
88.7156	1137.28
89.5365	1147.94
90.3649	1158.7
91.2011	1169.57
92.045	1180.54
92.8967	1191.61
93.7562	1202.79
94.6237	1214.07
95.4993	1225.46
96.3829	1236.95
97.2747	1248.55
98.1748	1260.27
99.0832	1272.09
