0.1	0
0.100925	0
0.101859	0
0.102802	0
0.103753	0
0.104713	0
0.105682	0
0.10666	0
0.107647	0
0.108643	0
0.109648	0
0.110662	8.19991e-08
0.111686	2.28818e-07
0.11272	3.77071e-07
0.113763	5.26614e-07
0.114815	6.77447e-07
0.115878	8.29857e-07
0.11695	9.83558e-07
0.118032	1.13869e-06
0.119124	1.29526e-06
0.120226	1.45326e-06
0.121339	1.61284e-06
0.122462	1.77386e-06
0.123595	1.9363e-06
0.124738	2.10018e-06
0.125893	2.26579e-06
0.127057	2.43268e-06
0.128233	2.60129e-06
0.12942	2.77148e-06
0.130617	2.9431e-06
0.131826	3.11645e-06
0.133045	3.29122e-06
0.134277	3.46786e-06
0.135519	3.64594e-06
0.136773	3.82574e-06
0.138038	4.00711e-06
0.139316	4.19034e-06
0.140605	4.37516e-06
0.141906	4.56169e-06
0.143219	4.74995e-06
0.144544	4.93992e-06
0.145881	5.13162e-06
0.147231	5.32518e-06
0.148594	5.5206e-06
0.149968	5.7176e-06
0.151356	5.91661e-06
0.152757	6.11748e-06
0.15417	6.32008e-06
0.155597	6.52468e-06
0.157036	6.731e-06
0.158489	6.93933e-06
0.159956	7.14966e-06
0.161436	7.36186e-06
0.16293	7.57607e-06
0.164437	7.79214e-06
0.165959	8.01036e-06
0.167494	8.23044e-06
0.169044	8.45268e-06
0.170608	8.67692e-06
0.172187	8.90331e-06
0.17378	9.13172e-06
0.175388	9.36227e-06
0.177011	9.59497e-06
0.178649	9.82982e-06
0.180302	1.00668e-05
0.18197	1.0306e-05
0.183654	1.05474e-05
0.185353	1.0791e-05
0.187068	1.10369e-05
0.188799	1.12851e-05
0.190546	1.15356e-05
0.192309	1.17884e-05
0.194089	1.20436e-05
0.195884	1.23009e-05
0.197697	1.25609e-05
0.199526	1.28231e-05
0.201372	1.30878e-05
0.203236	1.3355e-05
0.205116	1.36246e-05
0.207014	1.38967e-05
0.20893	1.41714e-05
0.210863	2.46757e-05
0.212814	5.41769e-05
0.214783	8.39503e-05
0.21677	0.000113996
0.218776	0.000144329
0.2208	0.000174934
0.222844	0.000205841
0.224905	0.000237006
0.226986	0.000268473
0.229087	0.000300242
0.231206	0.000332284
0.233346	0.000364643
0.235505	0.00039729
0.237684	0.000430238
0.239883	0.00046349
0.242103	0.000497058
0.244343	0.00053093
0.246604	0.000565118
0.248886	0.000599625
0.251189	0.000634449
0.253513	0.00066959
0.255859	0.000705064
0.258226	0.000740856
0.260615	0.00077698
0.263027	0.000813452
0.265461	0.000850257
0.267917	0.000887394
0.270396	0.000924879
0.272898	0.000962712
0.275423	0.00100089
0.277971	0.00103942
0.280543	0.00107831
0.283139	0.00111757
0.285759	0.00115718
0.288403	0.00119716
0.291072	0.00123752
0.293765	0.00127824
0.296483	0.00131934
0.299226	0.00136082
0.301995	0.00140269
0.30479	0.00144495
0.30761	0.0014876
0.310456	0.00153708
0.313329	0.00168026
0.316228	0.00182473
0.319154	0.00197056
0.322107	0.00211772
0.325087	0.00226624
0.328095	0.00241614
0.331131	0.00256745
0.334195	0.00272015
0.337287	0.00287424
0.340408	0.00302978
0.343558	0.00318676
0.346737	0.00334519
0.349945	0.00350507
0.353183	0.00366644
0.356451	0.00382931
0.359749	0.00399367
0.363078	0.00415957
0.366438	0.00432702
0.369828	0.00449597
0.37325	0.00466651
0.376704	0.00483864
0.380189	0.00501232
0.383707	0.00518765
0.387258	0.00536462
0.390841	0.00554318
0.394457	0.00572339
0.398107	0.00590529
0.401791	0.00608889
0.405509	0.00627418
0.409261	0.00646117
0.413047	0.00670668
0.416869	0.006978
0.420727	0.00725188
0.42462	0.00752824
0.428549	0.00780715
0.432514	0.00808862
0.436516	0.00837272
0.440555	0.00865944
0.444631	0.0089488
0.448745	0.00924084
0.452898	0.00953566
0.457088	0.0098331
0.461318	0.0101334
0.465586	0.0104364
0.469894	0.0107422
0.474242	0.0110508
0.47863	0.0113623
0.483059	0.0116768
0.487528	0.011994
0.49204	0.0123143
0.496592	0.0126375
0.501187	0.0129636
0.505825	0.0132929
0.510505	0.0136258
0.515229	0.0140164
0.519996	0.0144106
0.524807	0.0148084
0.529663	0.01521
0.534564	0.0156152
0.539511	0.0160243
0.544503	0.0164371
0.549541	0.0168537
0.554626	0.0172742
0.559758	0.0176986
0.564937	0.0181268
0.570164	0.0185591
0.57544	0.0189954
0.580764	0.0194356
0.586138	0.01988
0.591562	0.0203285
0.597035	0.0207811
0.60256	0.021238
0.608135	0.021699
0.613762	0.0221713
0.619441	0.0226533
0.625173	0.0231398
0.630957	0.0236306
0.636796	0.0241262
0.642688	0.0246263
0.648634	0.0251309
0.654636	0.0256403
0.660693	0.0261544
0.666807	0.0266733
0.672977	0.0271969
0.679204	0.0277254
0.685488	0.0282587
0.691831	0.0287971
0.698232	0.0293403
0.704693	0.0298887
0.711214	0.0304398
0.717794	0.0309724
0.724436	0.0315099
0.731139	0.0320524
0.737904	0.0326
0.744732	0.0331526
0.751623	0.0337103
0.758578	0.0342732
0.765597	0.0348413
0.772681	0.0354146
0.77983	0.0359932
0.787046	0.0365772
0.794328	0.0371666
0.801678	0.0377614
0.809096	0.0383618
0.816582	0.0389395
0.824138	0.0395147
0.831764	0.0400953
0.83946	0.0406811
0.847227	0.0412724
0.855067	0.0418692
0.862979	0.0424715
0.870964	0.0430794
0.879023	0.0436929
0.887156	0.044312
0.895365	0.044937
0.903649	0.0455676
0.912011	0.0461999
0.92045	0.0468127
0.928966	0.047431
0.937562	0.0480551
0.946237	0.048685
0.954993	0.0493208
0.963829	0.0499623
0.972747	0.0506098
0.981748	0.0512634
0.990832	0.0519229
1	0.0525886
1.00925	0.0532602
1.01859	0.0539197
1.02802	0.0545815
1.03753	0.0552489
1.04713	0.0559226
1.05682	0.0566026
1.0666	0.0572889
1.07647	0.0579816
1.08643	0.0586805
1.09648	0.0593858
1.10662	0.0600974
1.11686	0.0608132
1.1272	0.0615337
1.13763	0.0622605
1.14815	0.0629936
1.15878	0.0637344
1.1695	0.0644815
1.18032	0.0652355
1.19124	0.0659964
1.20226	0.0667644
1.21339	0.0675485
1.22462	0.0683721
1.23595	0.0692032
1.24738	0.0700415
1.25893	0.0708887
1.27057	0.0717425
1.28233	0.072605
1.2942	0.0734756
1.30617	0.0743536
1.31826	0.0752633
1.33045	0.0761968
1.34276	0.0771395
1.35519	0.0780913
1.36773	0.0790516
1.38038	0.0800203
1.39316	0.080999
1.40605	0.0819861
1.41906	0.0830024
1.43219	0.0840417
1.44544	0.0850904
1.45881	0.0861487
1.47231	0.0872172
1.48594	0.088296
1.49968	0.0893835
1.51356	0.0904862
1.52757	0.091621
1.5417	0.0927655
1.55597	0.0939213
1.57036	0.0950869
1.58489	0.0962638
1.59956	0.097452
1.61436	0.0986536
1.6293	0.0998778
1.64437	0.101113
1.65959	0.10236
1.67494	0.103618
1.69044	0.104888
1.70608	0.10617
1.72187	0.107465
1.7378	0.108773
1.75388	0.110093
1.77011	0.111425
1.78649	0.11277
1.80302	0.114127
1.8197	0.115494
1.83654	0.11687
1.85353	0.118258
1.87068	0.11966
1.88799	0.121074
1.90546	0.122502
1.92309	0.123933
1.94089	0.125372
1.95884	0.126824
1.97697	0.12829
1.99526	0.129769
2.01372	0.13126
2.03236	0.13275
2.05116	0.134254
2.07014	0.135771
2.0893	0.137303
2.10863	0.138849
2.12814	0.140391
2.14783	0.141943
2.1677	0.14351
2.18776	0.145092
2.208	0.146688
2.22844	0.148283
2.24905	0.149886
2.26986	0.151506
2.29087	0.15314
2.31206	0.154789
2.33346	0.156428
2.35505	0.158082
2.37684	0.159751
2.39883	0.161436
2.42103	0.163127
2.44343	0.164818
2.46604	0.166525
2.48886	0.168247
2.51189	0.169986
2.53513	0.171714
2.55859	0.173457
2.58226	0.175217
2.60615	0.176992
2.63027	0.178765
2.65461	0.180548
2.67917	0.182347
2.70396	0.184162
2.72898	0.185976
2.75423	0.187795
2.77971	0.189632
2.80543	0.191486
2.83139	0.193337
2.85759	0.195198
2.88403	0.197075
2.91072	0.198971
2.93765	0.200855
2.96483	0.202754
2.99226	0.204671
3.01995	0.206599
3.04789	0.208523
3.0761	0.210466
3.10456	0.212426
3.13329	0.214382
3.16228	0.216347
3.19154	0.218331
3.22107	0.220325
3.25087	0.222318
3.28095	0.224329
3.31131	0.226359
3.34195	0.228376
3.37287	0.23041
3.40408	0.232463
3.43558	0.234516
3.46737	0.236578
3.49945	0.23866
3.53183	0.240743
3.56451	0.242833
3.59749	0.244942
3.63078	0.247053
3.66438	0.24917
3.69828	0.251305
3.7325	0.253443
3.76704	0.255586
3.80189	0.257749
3.83707	0.259911
3.87258	0.262084
3.90841	0.264276
3.94457	0.266464
3.98107	0.268668
4.01791	0.27089
4.05509	0.273105
4.09261	0.27534
4.13047	0.277582
4.16869	0.279827
4.20727	0.282093
4.2462	0.284353
4.28549	0.286629
4.32514	0.288917
4.36516	0.291202
4.40555	0.293508
4.44631	0.295815
4.48745	0.298137
4.52898	0.300469
4.57088	0.302801
4.61318	0.305156
4.65586	0.307497
4.69894	0.309859
4.74242	0.312226
4.7863	0.314606
4.83059	0.316998
4.87529	0.319393
4.9204	0.321806
4.96592	0.324214
5.01187	0.326645
5.05825	0.329069
5.10505	0.331513
5.15229	0.333955
5.19996	0.336414
5.24807	0.338875
5.29663	0.34135
5.34564	0.343828
5.39511	0.346319
5.44503	0.348814
5.49541	0.35132
5.54626	0.353829
5.59758	0.356349
5.64937	0.358873
5.70164	0.36141
5.7544	0.363951
5.80764	0.366508
5.86138	0.369062
5.91562	0.371635
5.97035	0.3742
6.0256	0.376784
6.08135	0.379367
6.13762	0.381963
6.19441	0.384566
6.25173	0.387175
6.30957	0.389796
6.36796	0.392416
6.42688	0.39505
6.48634	0.397686
6.54636	0.400333
6.60693	0.402991
6.66807	0.40565
6.72977	0.408322
6.79204	0.410997
6.85488	0.41368
6.91831	0.416377
6.98232	0.419072
7.04693	0.421777
7.11214	0.42449
7.17794	0.427198
7.24436	0.429919
7.31139	0.432647
7.37904	0.435374
7.44732	0.43811
7.51623	0.440856
7.58578	0.443602
7.65597	0.446365
7.72681	0.449143
7.7983	0.451925
7.87046	0.454707
7.94328	0.457493
8.01678	0.460282
8.09096	0.463071
8.16582	0.465871
8.24138	0.468681
8.31764	0.471499
8.3946	0.474317
8.47227	0.477143
8.55067	0.479977
8.62979	0.482819
8.70964	0.485665
8.79023	0.488514
8.87156	0.49137
8.95365	0.494233
9.03649	0.497101
9.12011	0.499977
9.2045	0.502854
9.28966	0.505738
9.37562	0.508627
9.46237	0.511518
9.54993	0.514411
9.63829	0.517306
9.72747	0.520209
9.81748	0.523125
9.90832	0.526049
10	0.528976
10.0925	0.5319
10.1859	0.534825
10.2802	0.537756
10.3753	0.540694
10.4713	0.543642
10.5682	0.546598
10.666	0.549561
10.7647	0.552527
10.8643	0.555491
10.9648	0.558453
11.0662	0.561414
11.1686	0.564381
11.272	0.567357
11.3763	0.570339
11.4815	0.573325
11.5878	0.57632
11.695	0.579318
11.8032	0.582321
11.9124	0.58533
12.0226	0.588344
12.1339	0.591363
12.2462	0.594385
12.3595	0.597407
12.4738	0.600428
12.5893	0.603452
12.7057	0.606476
12.8233	0.609512
12.942	0.612556
13.0617	0.615603
13.1826	0.618654
13.3045	0.621702
13.4277	0.624755
13.5519	0.627807
13.6773	0.630866
13.8038	0.633928
13.9316	0.636996
14.0605	0.640063
14.1906	0.643134
14.3219	0.646209
14.4544	0.649283
14.5881	0.652359
14.7231	0.65544
14.8594	0.65852
14.9968	0.661601
15.1356	0.664688
15.2757	0.66778
15.417	0.670879
15.5597	0.673987
15.7036	0.6771
15.8489	0.680213
15.9956	0.683323
16.1436	0.686429
16.293	0.689535
16.4437	0.692646
16.5959	0.695764
16.7494	0.698888
16.9044	0.702022
17.0608	0.705159
17.2187	0.708298
17.378	0.711431
17.5388	0.714562
17.7011	0.717691
17.8649	0.72082
18.0302	0.723954
18.197	0.727092
18.3654	0.730239
18.5353	0.733389
18.7068	0.736535
18.8799	0.739675
19.0546	0.742815
19.2309	0.745958
19.4089	0.74911
19.5884	0.752268
19.7697	0.755438
19.9526	0.758613
20.1372	0.761788
20.3236	0.764955
20.5116	0.76811
20.7014	0.771264
20.893	0.774427
21.0863	0.777598
21.2814	0.780775
21.4783	0.783952
21.677	0.787127
21.8776	0.790303
22.08	0.793482
22.2844	0.796666
22.4905	0.799847
22.6986	0.803029
22.9087	0.806211
23.1206	0.809393
23.3346	0.812583
23.5505	0.815775
23.7684	0.818968
23.9883	0.822158
24.2103	0.825348
24.4343	0.828539
24.6604	0.831734
24.8886	0.834933
25.1189	0.838131
25.3513	0.841326
25.5859	0.844521
25.8226	0.847718
26.0615	0.85092
26.3027	0.854127
26.5461	0.857331
26.7917	0.860527
27.0396	0.863721
27.2898	0.866914
27.5423	0.870112
27.7971	0.873312
28.0543	0.876519
28.3139	0.879731
28.5759	0.882944
28.8403	0.886156
29.1072	0.889365
29.3765	0.892572
29.6483	0.895781
29.9226	0.898991
30.1995	0.902202
30.4789	0.905411
30.761	0.908619
31.0456	0.911827
31.3329	0.915038
31.6228	0.918252
31.9154	0.921468
32.2107	0.924685
32.5087	0.927902
32.8095	0.931117
33.1131	0.93433
33.4195	0.937541
33.7287	0.940754
34.0408	0.943974
34.3558	0.9472
34.6737	0.950424
34.9945	0.95364
35.3183	0.956851
35.6451	0.960061
35.9749	0.963279
36.3078	0.966504
36.6438	0.969733
36.9828	0.972958
37.325	0.97618
37.6704	0.979399
38.0189	0.982614
38.3707	0.985829
38.7258	0.989048
39.0841	0.992271
39.4457	0.995497
39.8107	0.998722
40.1791	1.00194
40.5509	1.00516
40.9261	1.00838
41.3048	1.01161
41.6869	1.01484
42.0727	1.01807
42.462	1.02129
42.8548	1.02451
43.2514	1.02772
43.6516	1.03094
44.0555	1.03416
44.4631	1.03739
44.8745	1.04062
45.2898	1.04384
45.7088	1.04706
46.1318	1.05027
46.5586	1.05347
46.9894	1.05668
47.4242	1.05991
47.863	1.06314
48.3059	1.06636
48.7528	1.06957
49.204	1.07279
49.6592	1.076
50.1187	1.07922
50.5825	1.08244
51.0505	1.08567
51.5229	1.08889
51.9996	1.0921
52.4807	1.09532
52.9663	1.09854
53.4564	1.10176
53.9511	1.10498
54.4503	1.1082
54.9541	1.11142
55.4626	1.11464
55.9758	1.11786
56.4937	1.12107
57.0164	1.12428
57.544	1.12749
58.0764	1.1307
58.6138	1.13392
59.1562	1.13715
59.7035	1.14037
60.256	1.14358
60.8135	1.14679
61.3762	1.14999
61.9441	1.15319
62.5173	1.15639
63.0957	1.1596
63.6796	1.16281
64.2688	1.16604
64.8634	1.16926
65.4636	1.17248
66.0694	1.17569
66.6807	1.1789
67.2977	1.18209
67.9204	1.18528
68.5488	1.18847
69.1831	1.19167
69.8232	1.19487
70.4693	1.19807
71.1214	1.20128
71.7794	1.20448
72.4436	1.20768
73.1139	1.21087
73.7904	1.21406
74.4732	1.21726
75.1623	1.22047
75.8578	1.22368
76.5597	1.22688
77.2681	1.23008
77.983	1.23326
78.7046	1.23644
79.4328	1.23962
80.1678	1.2428
80.9096	1.246
81.6582	1.24921
82.4138	1.25242
83.1764	1.25562
83.946	1.25882
84.7227	1.26201
85.5067	1.26519
86.2979	1.26837
87.0964	1.27155
87.9023	1.27473
88.7156	1.27791
89.5365	1.2811
90.3649	1.28429
91.2011	1.28748
92.045	1.29067
92.8967	1.29385
93.7562	1.29703
94.6237	1.30022
95.4993	1.30339
96.3829	1.30657
97.2747	1.30974
98.1748	1.31292
99.0832	1.3161
