0.1	0
0.100925	0
0.101859	0
0.102802	0
0.103753	0
0.104713	0
0.105682	0
0.10666	0
0.107647	0
0.108643	0
0.109648	0
0.110662	0.000992713
0.111686	0.00277016
0.11272	0.00456496
0.113763	0.00637539
0.114815	0.00820143
0.115878	0.0100466
0.11695	0.0119073
0.118032	0.0137855
0.119124	0.0156809
0.120226	0.0175938
0.121339	0.0195257
0.122462	0.021475
0.123595	0.0234416
0.124738	0.0254256
0.125893	0.0274305
0.127057	0.0294509
0.128233	0.0314922
0.12942	0.0335526
0.130617	0.0356303
0.131826	0.0377289
0.133045	0.0398448
0.134277	0.0419833
0.135519	0.0441391
0.136773	0.0463158
0.138038	0.0485116
0.139316	0.0507299
0.140605	0.0529674
0.141906	0.0552256
0.143219	0.0575047
0.144544	0.0598046
0.145881	0.0621254
0.147231	0.0644687
0.148594	0.0668345
0.149968	0.0692195
0.151356	0.0716288
0.152757	0.0740606
0.15417	0.0765133
0.155597	0.0789903
0.157036	0.0814881
0.158489	0.0840102
0.159956	0.0865565
0.161436	0.0891255
0.16293	0.0917188
0.164437	0.0943346
0.165959	0.0969765
0.167494	0.0996409
0.169044	0.102331
0.170608	0.105046
0.172187	0.107787
0.17378	0.110552
0.175388	0.113343
0.177011	0.11616
0.178649	0.119004
0.180302	0.121873
0.18197	0.124768
0.183654	0.127691
0.185353	0.13064
0.187068	0.133617
0.188799	0.136622
0.190546	0.139654
0.192309	0.142714
0.194089	0.145804
0.195884	0.14892
0.197697	0.152067
0.199526	0.155242
0.201372	0.158446
0.203236	0.161681
0.205116	0.164945
0.207014	0.168239
0.20893	0.171565
0.210863	0.177871
0.212814	0.18969
0.214783	0.201618
0.21677	0.213655
0.218776	0.225807
0.2208	0.238068
0.222844	0.25045
0.224905	0.262935
0.226986	0.275542
0.229087	0.288269
0.231206	0.301106
0.233346	0.31407
0.235505	0.327149
0.237684	0.340349
0.239883	0.35367
0.242103	0.367118
0.244343	0.380688
0.246604	0.394384
0.248886	0.408208
0.251189	0.42216
0.253513	0.436238
0.255859	0.45045
0.258226	0.464789
0.260615	0.479261
0.263027	0.493872
0.265461	0.508617
0.267917	0.523495
0.270396	0.538512
0.272898	0.553669
0.275423	0.568965
0.277971	0.5844
0.280543	0.599981
0.283139	0.615707
0.285759	0.631579
0.288403	0.647596
0.291072	0.663764
0.293765	0.680078
0.296483	0.696543
0.299226	0.71316
0.301995	0.729934
0.30479	0.746865
0.30761	0.763949
0.310456	0.781156
0.313329	0.798056
0.316228	0.815108
0.319154	0.832319
0.322107	0.849689
0.325087	0.867217
0.328095	0.884911
0.331131	0.902769
0.334195	0.920791
0.337287	0.938979
0.340408	0.957337
0.343558	0.975866
0.346737	0.994565
0.349945	1.01343
0.353183	1.03248
0.356451	1.0517
0.359749	1.0711
0.363078	1.09068
0.366438	1.11045
0.369828	1.13039
0.37325	1.15052
0.376704	1.17083
0.380189	1.19133
0.383707	1.21203
0.387258	1.23291
0.390841	1.25399
0.394457	1.27526
0.398107	1.29673
0.401791	1.3184
0.405509	1.34027
0.409261	1.36234
0.413047	1.38395
0.416869	1.40551
0.420727	1.42726
0.42462	1.44922
0.428549	1.47137
0.432514	1.49373
0.436516	1.5163
0.440555	1.53908
0.444631	1.56207
0.448745	1.58527
0.452898	1.60869
0.457088	1.63232
0.461318	1.65617
0.465586	1.68024
0.469894	1.70453
0.474242	1.72905
0.47863	1.7538
0.483059	1.77877
0.487528	1.80398
0.49204	1.82942
0.496592	1.85509
0.501187	1.881
0.505825	1.90716
0.510505	1.93358
0.515229	1.96238
0.519996	1.99145
0.524807	2.02079
0.529663	2.05041
0.534564	2.08029
0.539511	2.11046
0.544503	2.1409
0.549541	2.17163
0.554626	2.20264
0.559758	2.23393
0.564937	2.26551
0.570164	2.29739
0.57544	2.32956
0.580764	2.36203
0.586138	2.3948
0.591562	2.42788
0.597035	2.46125
0.60256	2.49495
0.608135	2.52894
0.613762	2.56229
0.619441	2.59522
0.625173	2.62845
0.630957	2.66199
0.636796	2.69584
0.642688	2.73
0.648634	2.76448
0.654636	2.79928
0.660693	2.8344
0.666807	2.86985
0.672977	2.90562
0.679204	2.94172
0.685488	2.97816
0.691831	3.01493
0.698232	3.05205
0.704693	3.08951
0.711214	3.12699
0.717794	3.16151
0.724436	3.19634
0.731139	3.2315
0.737904	3.26698
0.744732	3.3028
0.751623	3.33894
0.758578	3.37542
0.765597	3.41223
0.772681	3.44939
0.77983	3.48688
0.787046	3.52473
0.794328	3.56293
0.801678	3.60148
0.809096	3.64038
0.816582	3.67543
0.824138	3.70961
0.831764	3.74412
0.83946	3.77894
0.847227	3.81408
0.855067	3.84955
0.862979	3.88535
0.870964	3.92147
0.879023	3.95794
0.887156	3.99473
0.895365	4.03188
0.903649	4.06936
0.912011	4.10679
0.92045	4.14215
0.928966	4.17783
0.937562	4.21385
0.946237	4.2502
0.954993	4.28689
0.963829	4.32392
0.972747	4.36128
0.981748	4.399
0.990832	4.43706
1	4.47548
1.00925	4.51424
1.01859	4.55202
1.02802	4.58988
1.03753	4.62806
1.04713	4.66661
1.05682	4.70551
1.0666	4.74477
1.07647	4.7844
1.08643	4.82439
1.09648	4.86474
1.10662	4.90545
1.11686	4.94938
1.1272	4.99586
1.13763	5.04275
1.14815	5.09005
1.15878	5.13783
1.1695	5.18603
1.18032	5.23467
1.19124	5.28376
1.20226	5.3333
1.21339	5.38107
1.22462	5.42049
1.23595	5.46027
1.24738	5.5004
1.25893	5.54094
1.27057	5.58181
1.28233	5.6231
1.2942	5.66477
1.30617	5.70679
1.31826	5.75067
1.33045	5.79593
1.34276	5.84164
1.35519	5.88779
1.36773	5.93435
1.38038	5.98132
1.39316	6.02877
1.40605	6.07663
1.41906	6.11648
1.43219	6.15101
1.44544	6.18585
1.45881	6.221
1.47231	6.2565
1.48594	6.29234
1.49968	6.32847
1.51356	6.36412
1.52757	6.39562
1.5417	6.42739
1.55597	6.45947
1.57036	6.49183
1.58489	6.52449
1.59956	6.55748
1.61436	6.59125
1.6293	6.62738
1.64437	6.66383
1.65959	6.70064
1.67494	6.73776
1.69044	6.77525
1.70608	6.81307
1.72187	6.85305
1.7378	6.89433
1.75388	6.936
1.77011	6.97805
1.78649	7.0205
1.80302	7.06333
1.8197	7.11177
1.83654	7.16627
1.85353	7.22125
1.87068	7.27675
1.88799	7.33277
1.90546	7.38931
1.92309	7.42301
1.94089	7.44407
1.95884	7.46532
1.97697	7.48677
1.99526	7.50842
2.01372	7.5323
2.03236	7.57408
2.05116	7.61622
2.07014	7.65877
2.0893	7.70172
2.10863	7.74505
2.12814	7.77106
2.14783	7.79373
2.1677	7.81661
2.18776	7.8397
2.208	7.86301
2.22844	7.92682
2.24905	8.001
2.26986	8.07589
2.29087	8.15151
2.31206	8.22777
2.33346	8.2188
2.35505	8.2097
2.37684	8.20052
2.39883	8.19125
2.42103	8.2138
2.44343	8.28496
2.46604	8.35679
2.48886	8.42929
2.51189	8.50245
2.53513	8.52497
2.55859	8.54687
2.58226	8.56898
2.60615	8.59129
2.63027	8.60797
2.65461	8.62276
2.67917	8.63769
2.70396	8.65276
2.72898	8.67796
2.75423	8.70854
2.77971	8.7394
2.80543	8.77055
2.83139	8.79658
2.85759	8.82081
2.88403	8.84527
2.91072	8.86995
2.93765	8.8968
2.96483	8.92406
2.99226	8.95156
3.01995	8.98127
3.04789	9.01676
3.0761	9.05259
3.10456	9.08874
3.13329	9.10294
3.16228	9.10823
3.19154	9.11356
3.22107	9.13509
3.25087	9.19929
3.28095	9.26408
3.31131	9.32948
3.34195	9.3829
3.37287	9.43608
3.40408	9.48976
3.43558	9.52672
3.46737	9.5571
3.49945	9.58775
3.53183	9.60513
3.56451	9.61261
3.59749	9.62017
3.63078	9.62906
3.66438	9.63918
3.69828	9.64939
3.7325	9.68598
3.76704	9.74374
3.80189	9.80201
3.83707	9.84052
3.87258	9.86938
3.90841	9.89849
3.94457	9.91487
3.98107	9.92924
4.01791	9.94748
4.05509	9.99437
4.09261	10.0417
4.13047	10.0724
4.16869	10.0817
4.20727	10.0911
4.2462	10.0988
4.28549	10.1063
4.32514	10.1188
4.36516	10.144
4.40555	10.1694
4.44631	10.1735
4.48745	10.172
4.52898	10.1809
4.57088	10.2085
4.61318	10.2364
4.65586	10.3016
4.69894	10.3682
4.74242	10.4101
4.7863	10.4385
4.83059	10.4562
4.87529	10.4553
4.9204	10.4568
4.96592	10.4741
5.01187	10.4915
5.05825	10.5246
5.10505	10.5589
5.15229	10.5763
5.19996	10.5895
5.24807	10.6041
5.29663	10.6194
5.34564	10.6339
5.39511	10.6479
5.44503	10.6548
5.49541	10.6571
5.54626	10.6685
5.59758	10.6858
5.64937	10.7077
5.70164	10.732
5.7544	10.7498
5.80764	10.7656
5.86138	10.8034
5.91562	10.8454
5.97035	10.9015
6.0256	10.9502
6.08135	10.9643
6.13762	10.9642
6.19441	10.9418
6.25173	10.9158
6.30957	10.8874
6.36796	10.8798
6.42688	10.8808
6.48634	10.909
6.54636	10.9466
6.60693	10.9936
6.66807	11.0356
6.72977	11.07
6.79204	11.0804
6.85488	11.0882
6.91831	11.0955
6.98232	11.1387
7.04693	11.1885
7.11214	11.2456
7.17794	11.2774
7.24436	11.2961
7.31139	11.299
7.37904	11.2892
7.44732	11.28
7.51623	11.2728
7.58578	11.2843
7.65597	11.2999
7.72681	11.3171
7.7983	11.3237
7.87046	11.3258
7.94328	11.3314
8.01678	11.3459
8.09096	11.3776
8.16582	11.4131
8.24138	11.4491
8.31764	11.4815
8.3946	11.5006
8.47227	11.5074
8.55067	11.5059
8.62979	11.5011
8.70964	11.5017
8.79023	11.5113
8.87156	11.5266
8.95365	11.5438
9.03649	11.5562
9.12011	11.5527
9.2045	11.5146
9.28966	11.472
9.37562	11.4649
9.46237	11.5176
9.54993	11.6146
9.63829	11.7
9.72747	11.714
9.81748	11.6496
9.90832	11.5897
10	11.6113
10.0925	11.7041
10.1859	11.814
10.2802	11.8858
10.3753	11.9078
10.4713	11.9029
10.5682	11.8993
10.666	11.9086
10.7647	11.9255
10.8643	11.942
10.9648	11.9546
11.0662	11.965
11.1686	11.9754
11.272	11.9868
11.3763	11.9986
11.4815	12.0102
11.5878	12.0214
11.695	12.0322
11.8032	12.0431
11.9124	12.054
12.0226	12.065
12.1339	12.0759
12.2462	12.0866
12.3595	12.0972
12.4738	12.1074
12.5893	12.1173
12.7057	12.1272
12.8233	12.1375
12.942	12.148
13.0617	12.1586
13.1826	12.169
13.3045	12.1789
13.4277	12.1886
13.5519	12.1981
13.6773	12.2077
13.8038	12.2175
13.9316	12.2274
14.0605	12.2373
14.1906	12.2463
14.3219	12.2537
14.4544	12.2594
14.5881	12.2655
14.7231	12.2739
14.8594	12.2854
14.9968	12.298
15.1356	12.3096
15.2757	12.3189
15.417	12.327
15.5597	12.3351
15.7036	12.3437
15.8489	12.3526
15.9956	12.3611
16.1436	12.3691
16.293	12.377
16.4437	12.3853
16.5959	12.3941
16.7494	12.4022
16.9044	12.4085
17.0608	12.4135
17.2187	12.4209
17.378	12.436
17.5388	12.4581
17.7011	12.4789
17.8649	12.4871
18.0302	12.4791
18.197	12.4644
18.3654	12.4576
18.5353	12.4659
18.7068	12.4839
18.8799	12.5009
19.0546	12.5111
19.2309	12.5163
19.4089	12.5205
19.5884	12.5266
19.7697	12.5341
19.9526	12.5418
20.1372	12.549
20.3236	12.5556
20.5116	12.562
20.7014	12.5684
20.893	12.5749
21.0863	12.5813
21.2814	12.5877
21.4783	12.5941
21.677	12.6004
21.8776	12.6068
22.08	12.6131
22.2844	12.6192
22.4905	12.6249
22.6986	12.6307
22.9087	12.6371
23.1206	12.6443
23.3346	12.6508
23.5505	12.655
23.7684	12.6558
23.9883	12.6558
24.2103	12.6585
24.4343	12.6663
24.6604	12.6774
24.8886	12.6883
25.1189	12.6961
25.3513	12.7013
25.5859	12.7056
25.8226	12.7103
26.0615	12.7156
26.3027	12.7211
26.5461	12.7264
26.7917	12.7315
27.0396	12.7366
27.2898	12.7415
27.5423	12.7465
27.7971	12.7514
28.0543	12.7563
28.3139	12.7612
28.5759	12.7661
28.8403	12.771
29.1072	12.7758
29.3765	12.7806
29.6483	12.7852
29.9226	12.7897
30.1995	12.7944
30.4789	12.7993
30.761	12.8041
31.0456	12.8082
31.3329	12.8112
31.6228	12.8137
31.9154	12.8168
32.2107	12.8215
32.5087	12.8275
32.8095	12.8337
33.1131	12.8392
33.4195	12.8436
33.7287	12.847
34.0408	12.8495
34.3558	12.8524
34.6737	12.8578
34.9945	12.867
35.3183	12.8762
35.6451	12.8784
35.9749	12.8671
36.3078	12.8483
36.6438	12.8353
36.9828	12.8413
37.325	12.8631
37.6704	12.8879
38.0189	12.9031
38.3707	12.9071
38.7258	12.9061
39.0841	12.9065
39.4457	12.9099
39.8107	12.9147
40.1791	12.9192
40.5509	12.9228
40.9261	12.9259
41.3048	12.9291
41.6869	12.9323
42.0727	12.9357
42.462	12.939
42.8548	12.9423
43.2514	12.9455
43.6516	12.9487
44.0555	12.9518
44.4631	12.955
44.8745	12.9582
45.2898	12.9614
45.7088	12.9645
46.1318	12.9676
46.5586	12.9706
46.9894	12.9735
47.4242	12.9763
47.863	12.9792
48.3059	12.9821
48.7528	12.9852
49.204	12.9885
49.6592	12.9916
50.1187	12.9945
50.5825	12.997
51.0505	12.9994
51.5229	13.0022
51.9996	13.0052
52.4807	13.0082
52.9663	13.011
53.4564	13.0134
53.9511	13.0157
54.4503	13.0181
54.9541	13.0206
55.4626	13.0232
55.9758	13.0259
56.4937	13.0285
57.0164	13.031
57.544	13.0334
58.0764	13.0357
58.6138	13.0381
59.1562	13.0405
59.7035	13.0429
60.256	13.0454
60.8135	13.0479
61.3762	13.0503
61.9441	13.0525
62.5173	13.0546
63.0957	13.0566
63.6796	13.0588
64.2688	13.0616
64.8634	13.0648
65.4636	13.067
66.0694	13.0668
66.6807	13.0652
67.2977	13.0669
67.9204	13.0774
68.5488	13.097
69.1831	13.1151
69.8232	13.1196
70.4693	13.106
71.1214	13.0856
71.7794	13.0722
72.4436	13.0737
73.1139	13.0836
73.7904	13.0933
74.4732	13.0974
75.1623	13.0978
75.8578	13.0976
76.5597	13.099
77.2681	13.1014
77.983	13.1038
78.7046	13.1057
79.4328	13.1072
80.1678	13.1086
80.9096	13.1103
81.6582	13.1121
82.4138	13.1139
83.1764	13.1157
83.946	13.1174
84.7227	13.1192
85.5067	13.1209
86.2979	13.1226
87.0964	13.1243
87.9023	13.1259
88.7156	13.1275
89.5365	13.1289
90.3649	13.1302
91.2011	13.1317
92.045	13.1337
92.8967	13.1364
93.7562	13.1392
94.6237	13.1413
95.4993	13.1422
96.3829	13.1423
97.2747	13.1421
98.1748	13.1422
99.0832	13.1434
