0.1	0.0473358
0.100925	0.0478211
0.101859	0.0483111
0.102802	0.0488058
0.103753	0.0493048
0.104713	0.0498084
0.105682	0.0503168
0.10666	0.0508299
0.107647	0.0513477
0.108643	0.0518703
0.109648	0.0523976
0.110662	0.053588
0.111686	0.0553042
0.11272	0.0570371
0.113763	0.0587852
0.114815	0.0605483
0.115878	0.0623298
0.11695	0.0641265
0.118032	0.0659399
0.119124	0.06777
0.120226	0.0696169
0.121339	0.0714823
0.122462	0.0733644
0.123595	0.0752632
0.124738	0.0771789
0.125893	0.0791146
0.127057	0.0810654
0.128233	0.0830364
0.12942	0.0850257
0.130617	0.0870319
0.131826	0.0890581
0.133045	0.0911011
0.134277	0.0931659
0.135519	0.0952474
0.136773	0.0973491
0.138038	0.0994692
0.139316	0.101611
0.140605	0.103771
0.141906	0.105952
0.143219	0.108152
0.144544	0.110373
0.145881	0.112614
0.147231	0.114876
0.148594	0.117161
0.149968	0.119463
0.151356	0.12179
0.152757	0.124138
0.15417	0.126506
0.155597	0.128897
0.157036	0.131309
0.158489	0.133744
0.159956	0.136203
0.161436	0.138683
0.16293	0.141187
0.164437	0.143713
0.165959	0.146264
0.167494	0.148836
0.169044	0.151434
0.170608	0.154055
0.172187	0.156702
0.17378	0.159371
0.175388	0.162066
0.177011	0.164787
0.178649	0.167532
0.180302	0.170302
0.18197	0.173098
0.183654	0.17592
0.185353	0.178767
0.187068	0.181642
0.188799	0.184543
0.190546	0.187471
0.192309	0.190425
0.194089	0.193409
0.195884	0.196417
0.197697	0.199455
0.199526	0.202521
0.201372	0.205615
0.203236	0.208739
0.205116	0.211889
0.207014	0.21507
0.20893	0.218282
0.210863	0.221745
0.212814	0.225653
0.214783	0.229597
0.21677	0.233578
0.218776	0.237596
0.2208	0.241651
0.222844	0.245745
0.224905	0.249874
0.226986	0.254043
0.229087	0.258251
0.231206	0.262496
0.233346	0.266783
0.235505	0.271108
0.237684	0.275473
0.239883	0.279878
0.242103	0.284325
0.244343	0.288812
0.246604	0.293342
0.248886	0.297913
0.251189	0.302526
0.253513	0.307182
0.255859	0.311881
0.258226	0.316623
0.260615	0.321409
0.263027	0.32624
0.265461	0.331116
0.267917	0.336036
0.270396	0.341002
0.272898	0.346014
0.275423	0.351072
0.277971	0.356176
0.280543	0.361329
0.283139	0.366529
0.285759	0.371777
0.288403	0.377074
0.291072	0.382421
0.293765	0.387815
0.296483	0.39326
0.299226	0.398755
0.301995	0.404302
0.30479	0.409901
0.30761	0.41555
0.310456	0.421171
0.313329	0.425688
0.316228	0.430247
0.319154	0.434847
0.322107	0.43949
0.325087	0.444176
0.328095	0.448906
0.331131	0.453679
0.334195	0.458497
0.337287	0.463359
0.340408	0.468266
0.343558	0.473219
0.346737	0.478218
0.349945	0.483262
0.353183	0.488353
0.356451	0.493492
0.359749	0.498677
0.363078	0.503912
0.366438	0.509195
0.369828	0.514525
0.37325	0.519906
0.376704	0.525337
0.380189	0.530817
0.383707	0.536348
0.387258	0.541932
0.390841	0.547565
0.394457	0.553251
0.398107	0.55899
0.401791	0.564783
0.405509	0.570629
0.409261	0.576528
0.413047	0.58114
0.416869	0.585242
0.420727	0.589382
0.42462	0.59356
0.428549	0.597777
0.432514	0.602032
0.436516	0.606327
0.440555	0.610661
0.444631	0.615036
0.448745	0.619451
0.452898	0.623908
0.457088	0.628404
0.461318	0.632944
0.465586	0.637524
0.469894	0.642148
0.474242	0.646814
0.47863	0.651523
0.483059	0.656276
0.487528	0.661072
0.49204	0.665914
0.496592	0.670799
0.501187	0.675731
0.505825	0.680708
0.510505	0.68571
0.515229	0.68902
0.519996	0.69236
0.524807	0.695731
0.529663	0.699133
0.534564	0.702567
0.539511	0.706034
0.544503	0.709531
0.549541	0.713061
0.554626	0.716624
0.559758	0.72022
0.564937	0.723848
0.570164	0.727511
0.57544	0.731207
0.580764	0.734938
0.586138	0.738703
0.591562	0.742503
0.597035	0.746338
0.60256	0.750209
0.608135	0.754115
0.613762	0.75724
0.619441	0.759776
0.625173	0.762336
0.630957	0.764919
0.636796	0.767527
0.642688	0.770158
0.648634	0.772814
0.654636	0.775494
0.660693	0.778199
0.666807	0.78093
0.672977	0.783686
0.679204	0.786467
0.685488	0.789273
0.691831	0.792106
0.698232	0.794965
0.704693	0.79785
0.711214	0.800665
0.717794	0.802503
0.724436	0.804358
0.731139	0.80623
0.737904	0.80812
0.744732	0.810027
0.751623	0.811952
0.758578	0.813895
0.765597	0.815855
0.772681	0.817834
0.77983	0.819831
0.787046	0.821846
0.794328	0.82388
0.801678	0.825933
0.809096	0.828005
0.816582	0.829459
0.824138	0.830747
0.831764	0.832048
0.83946	0.833361
0.847227	0.834686
0.855067	0.836023
0.862979	0.837372
0.870964	0.838734
0.879023	0.840109
0.887156	0.841496
0.895365	0.842896
0.903649	0.844309
0.912011	0.845651
0.92045	0.846494
0.928966	0.847346
0.937562	0.848206
0.946237	0.849073
0.954993	0.849949
0.963829	0.850832
0.972747	0.851724
0.981748	0.852624
0.990832	0.853533
1	0.854449
1.00925	0.855374
1.01859	0.855956
1.02802	0.856468
1.03753	0.856983
1.04713	0.857504
1.05682	0.858029
1.0666	0.858559
1.07647	0.859094
1.08643	0.859634
1.09648	0.860179
1.10662	0.860729
1.11686	0.86111
1.1272	0.861362
1.13763	0.861618
1.14815	0.861875
1.15878	0.862135
1.1695	0.862397
1.18032	0.862662
1.19124	0.862929
1.20226	0.863198
1.21339	0.863426
1.22462	0.863484
1.23595	0.863542
1.24738	0.863601
1.25893	0.86366
1.27057	0.86372
1.28233	0.863781
1.2942	0.863842
1.30617	0.863904
1.31826	0.863878
1.33045	0.863789
1.34276	0.863699
1.35519	0.863608
1.36773	0.863517
1.38038	0.863425
1.39316	0.863331
1.40605	0.863237
1.41906	0.863081
1.43219	0.862881
1.44544	0.86268
1.45881	0.862477
1.47231	0.862271
1.48594	0.862064
1.49968	0.861855
1.51356	0.861633
1.52757	0.861352
1.5417	0.861068
1.55597	0.860781
1.57036	0.860492
1.58489	0.8602
1.59956	0.859906
1.61436	0.8596
1.6293	0.859257
1.64437	0.858911
1.65959	0.858561
1.67494	0.858209
1.69044	0.857853
1.70608	0.857493
1.72187	0.857115
1.7378	0.856725
1.75388	0.856331
1.77011	0.855934
1.78649	0.855533
1.80302	0.855128
1.8197	0.854715
1.83654	0.854292
1.85353	0.853865
1.87068	0.853434
1.88799	0.853
1.90546	0.852561
1.92309	0.852118
1.94089	0.851671
1.95884	0.85122
1.97697	0.850764
1.99526	0.850305
2.01372	0.849842
2.03236	0.84938
2.05116	0.848915
2.07014	0.848445
2.0893	0.847971
2.10863	0.847492
2.12814	0.84702
2.14783	0.846545
2.1677	0.846065
2.18776	0.845581
2.208	0.845093
2.22844	0.844613
2.24905	0.844132
2.26986	0.843646
2.29087	0.843156
2.31206	0.842661
2.33346	0.842181
2.35505	0.841696
2.37684	0.841206
2.39883	0.840712
2.42103	0.840221
2.44343	0.839739
2.46604	0.839251
2.48886	0.83876
2.51189	0.838264
2.53513	0.837784
2.55859	0.837301
2.58226	0.836813
2.60615	0.83632
2.63027	0.83584
2.65461	0.83536
2.67917	0.834877
2.70396	0.834389
2.72898	0.833911
2.75423	0.833437
2.77971	0.832958
2.80543	0.832475
2.83139	0.832004
2.85759	0.831535
2.88403	0.831061
2.91072	0.830583
2.93765	0.830122
2.96483	0.829658
2.99226	0.82919
3.01995	0.828723
3.04789	0.828268
3.0761	0.827809
3.10456	0.827346
3.13329	0.826894
3.16228	0.826444
3.19154	0.82599
3.22107	0.825538
3.25087	0.825098
3.28095	0.824653
3.31131	0.824204
3.34195	0.823771
3.37287	0.823334
3.40408	0.822894
3.43558	0.822464
3.46737	0.822036
3.49945	0.821604
3.53183	0.82118
3.56451	0.820759
3.59749	0.820335
3.63078	0.819918
3.66438	0.819505
3.69828	0.819089
3.7325	0.818679
3.76704	0.818273
3.80189	0.817864
3.83707	0.817463
3.87258	0.817065
3.90841	0.816662
3.94457	0.816271
3.98107	0.815879
4.01791	0.815485
4.05509	0.815102
4.09261	0.814716
4.13047	0.814333
4.16869	0.813956
4.20727	0.813575
4.2462	0.813204
4.28549	0.812832
4.32514	0.812461
4.36516	0.812098
4.40555	0.811731
4.44631	0.811373
4.48745	0.811014
4.52898	0.810657
4.57088	0.810306
4.61318	0.809951
4.65586	0.809607
4.69894	0.80926
4.74242	0.808918
4.7863	0.808578
4.83059	0.808239
4.87529	0.807906
4.9204	0.807571
4.96592	0.807244
5.01187	0.806914
5.05825	0.806592
5.10505	0.806267
5.15229	0.805949
5.19996	0.805631
5.24807	0.805317
5.29663	0.805004
5.34564	0.804695
5.39511	0.804387
5.44503	0.804083
5.49541	0.80378
5.54626	0.803481
5.59758	0.803183
5.64937	0.802888
5.70164	0.802595
5.7544	0.802306
5.80764	0.802016
5.86138	0.801732
5.91562	0.801447
5.97035	0.801168
6.0256	0.800888
6.08135	0.800613
6.13762	0.800339
6.19441	0.800067
6.25173	0.799799
6.30957	0.79953
6.36796	0.799267
6.42688	0.799003
6.48634	0.798744
6.54636	0.798485
6.60693	0.798229
6.66807	0.797976
6.72977	0.797724
6.79204	0.797475
6.85488	0.797228
6.91831	0.796981
6.98232	0.796739
7.04693	0.796498
7.11214	0.796259
7.17794	0.796023
7.24436	0.795788
7.31139	0.795554
7.37904	0.795324
7.44732	0.795095
7.51623	0.794868
7.58578	0.794644
7.65597	0.794421
7.72681	0.7942
7.7983	0.793981
7.87046	0.793764
7.94328	0.793549
8.01678	0.793335
8.09096	0.793125
8.16582	0.792915
8.24138	0.792708
8.31764	0.792501
8.3946	0.792298
8.47227	0.792096
8.55067	0.791895
8.62979	0.791697
8.70964	0.7915
8.79023	0.791305
8.87156	0.791112
8.95365	0.79092
9.03649	0.79073
9.12011	0.790542
9.2045	0.790355
9.28966	0.790171
9.37562	0.789988
9.46237	0.789806
9.54993	0.789626
9.63829	0.789448
9.72747	0.789271
9.81748	0.789096
9.90832	0.788922
10	0.788751
10.0925	0.78858
10.1859	0.788411
10.2802	0.788244
10.3753	0.788078
10.4713	0.787914
10.5682	0.787751
10.666	0.78759
10.7647	0.78743
10.8643	0.787271
10.9648	0.787114
11.0662	0.786959
11.1686	0.786805
11.272	0.786652
11.3763	0.7865
11.4815	0.786351
11.5878	0.786202
11.695	0.786055
11.8032	0.785909
11.9124	0.785764
12.0226	0.785621
12.1339	0.785479
12.2462	0.785338
12.3595	0.785199
12.4738	0.785061
12.5893	0.784923
12.7057	0.784788
12.8233	0.784653
12.942	0.78452
13.0617	0.784388
13.1826	0.784258
13.3045	0.784128
13.4277	0.784
13.5519	0.783873
13.6773	0.783747
13.8038	0.783622
13.9316	0.783498
14.0605	0.783375
14.1906	0.783254
14.3219	0.783133
14.4544	0.783014
14.5881	0.782896
14.7231	0.782779
14.8594	0.782663
14.9968	0.782548
15.1356	0.782434
15.2757	0.782321
15.417	0.782209
15.5597	0.782099
15.7036	0.781989
15.8489	0.78188
15.9956	0.781773
16.1436	0.781666
16.293	0.78156
16.4437	0.781455
16.5959	0.781352
16.7494	0.781249
16.9044	0.781147
17.0608	0.781046
17.2187	0.780946
17.378	0.780847
17.5388	0.780748
17.7011	0.780651
17.8649	0.780555
18.0302	0.780459
18.197	0.780364
18.3654	0.780271
18.5353	0.780178
18.7068	0.780086
18.8799	0.779995
19.0546	0.779904
19.2309	0.779815
19.4089	0.779726
19.5884	0.779638
19.7697	0.779551
19.9526	0.779465
20.1372	0.779379
20.3236	0.779295
20.5116	0.779211
20.7014	0.779128
20.893	0.779045
21.0863	0.778964
21.2814	0.778883
21.4783	0.778803
21.677	0.778723
21.8776	0.778645
22.08	0.778567
22.2844	0.77849
22.4905	0.778413
22.6986	0.778337
22.9087	0.778262
23.1206	0.778188
23.3346	0.778114
23.5505	0.778041
23.7684	0.777969
23.9883	0.777898
24.2103	0.777827
24.4343	0.777756
24.6604	0.777686
24.8886	0.777617
25.1189	0.777549
25.3513	0.777481
25.5859	0.777414
25.8226	0.777347
26.0615	0.777282
26.3027	0.777216
26.5461	0.777152
26.7917	0.777088
27.0396	0.777024
27.2898	0.776961
27.5423	0.776899
27.7971	0.776837
28.0543	0.776776
28.3139	0.776715
28.5759	0.776655
28.8403	0.776595
29.1072	0.776536
29.3765	0.776478
29.6483	0.77642
29.9226	0.776363
30.1995	0.776306
30.4789	0.77625
30.761	0.776194
31.0456	0.776139
31.3329	0.776084
31.6228	0.77603
31.9154	0.775976
32.2107	0.775923
32.5087	0.77587
32.8095	0.775818
33.1131	0.775766
33.4195	0.775714
33.7287	0.775664
34.0408	0.775613
34.3558	0.775563
34.6737	0.775514
34.9945	0.775465
35.3183	0.775416
35.6451	0.775368
35.9749	0.775321
36.3078	0.775274
36.6438	0.775227
36.9828	0.775181
37.325	0.775135
37.6704	0.775089
38.0189	0.775044
38.3707	0.774999
38.7258	0.774955
39.0841	0.774911
39.4457	0.774868
39.8107	0.774825
40.1791	0.774782
40.5509	0.77474
40.9261	0.774698
41.3048	0.774657
41.6869	0.774616
42.0727	0.774575
42.462	0.774535
42.8548	0.774495
43.2514	0.774455
43.6516	0.774416
44.0555	0.774377
44.4631	0.774339
44.8745	0.774301
45.2898	0.774263
45.7088	0.774226
46.1318	0.774188
46.5586	0.774152
46.9894	0.774115
47.4242	0.774079
47.863	0.774043
48.3059	0.774008
48.7528	0.773973
49.204	0.773938
49.6592	0.773904
50.1187	0.77387
50.5825	0.773836
51.0505	0.773802
51.5229	0.773769
51.9996	0.773736
52.4807	0.773704
52.9663	0.773672
53.4564	0.77364
53.9511	0.773608
54.4503	0.773577
54.9541	0.773545
55.4626	0.773515
55.9758	0.773484
56.4937	0.773454
57.0164	0.773424
57.544	0.773394
58.0764	0.773365
58.6138	0.773335
59.1562	0.773307
59.7035	0.773278
60.256	0.77325
60.8135	0.773222
61.3762	0.773194
61.9441	0.773166
62.5173	0.773139
63.0957	0.773112
63.6796	0.773085
64.2688	0.773058
64.8634	0.773032
65.4636	0.773006
66.0694	0.77298
66.6807	0.772955
67.2977	0.772929
67.9204	0.772904
68.5488	0.772879
69.1831	0.772855
69.8232	0.77283
70.4693	0.772806
71.1214	0.772782
71.7794	0.772758
72.4436	0.772734
73.1139	0.772711
73.7904	0.772688
74.4732	0.772665
75.1623	0.772643
75.8578	0.77262
76.5597	0.772598
77.2681	0.772576
77.983	0.772554
78.7046	0.772532
79.4328	0.772511
80.1678	0.772489
80.9096	0.772468
81.6582	0.772447
82.4138	0.772427
83.1764	0.772406
83.946	0.772386
84.7227	0.772366
85.5067	0.772346
86.2979	0.772326
87.0964	0.772306
87.9023	0.772287
88.7156	0.772268
89.5365	0.772249
90.3649	0.77223
91.2011	0.772211
92.045	0.772193
92.8967	0.772175
93.7562	0.772156
94.6237	0.772138
95.4993	0.772121
96.3829	0.772103
97.2747	0.772085
98.1748	0.772068
99.0832	0.772051
