0.1	0.212665
0.100925	0.214842
0.101859	0.21704
0.102802	0.21926
0.103753	0.221498
0.104713	0.223757
0.105682	0.226038
0.10666	0.22834
0.107647	0.230663
0.108643	0.233007
0.109648	0.235373
0.110662	0.23926
0.111686	0.244357
0.11272	0.249504
0.113763	0.254695
0.114815	0.259932
0.115878	0.265223
0.11695	0.270559
0.118032	0.275944
0.119124	0.28138
0.120226	0.286865
0.121339	0.292405
0.122462	0.297995
0.123595	0.303635
0.124738	0.309324
0.125893	0.315073
0.127057	0.320867
0.128233	0.32672
0.12942	0.332629
0.130617	0.338587
0.131826	0.344605
0.133045	0.350672
0.134277	0.356805
0.135519	0.362987
0.136773	0.369229
0.138038	0.375525
0.139316	0.381887
0.140605	0.388303
0.141906	0.394779
0.143219	0.401314
0.144544	0.407909
0.145881	0.414564
0.147231	0.421284
0.148594	0.428068
0.149968	0.434908
0.151356	0.441816
0.152757	0.44879
0.15417	0.455823
0.155597	0.462926
0.157036	0.470089
0.158489	0.477321
0.159956	0.484623
0.161436	0.49199
0.16293	0.499427
0.164437	0.506928
0.165959	0.514504
0.167494	0.522144
0.169044	0.529859
0.170608	0.537644
0.172187	0.545504
0.17378	0.553433
0.175388	0.561437
0.177011	0.569516
0.178649	0.577669
0.180302	0.585897
0.18197	0.594199
0.183654	0.602581
0.185353	0.611038
0.187068	0.619575
0.188799	0.628191
0.190546	0.636887
0.192309	0.645662
0.194089	0.654522
0.195884	0.663457
0.197697	0.672481
0.199526	0.681585
0.201372	0.690774
0.203236	0.700052
0.205116	0.70941
0.207014	0.718857
0.20893	0.728394
0.210863	0.737813
0.212814	0.746946
0.214783	0.756164
0.21677	0.765465
0.218776	0.774856
0.2208	0.784331
0.222844	0.793899
0.224905	0.803547
0.226986	0.813289
0.229087	0.823124
0.231206	0.833044
0.233346	0.843062
0.235505	0.853169
0.237684	0.863369
0.239883	0.873663
0.242103	0.884055
0.244343	0.894541
0.246604	0.905126
0.248886	0.915808
0.251189	0.926589
0.253513	0.937468
0.255859	0.948451
0.258226	0.959531
0.260615	0.970715
0.263027	0.982006
0.265461	0.9934
0.267917	1.0049
0.270396	1.0165
0.272898	1.02821
0.275423	1.04003
0.277971	1.05196
0.280543	1.064
0.283139	1.07616
0.285759	1.08842
0.288403	1.1008
0.291072	1.11329
0.293765	1.1259
0.296483	1.13862
0.299226	1.15146
0.301995	1.16442
0.30479	1.17751
0.30761	1.19071
0.310456	1.20385
0.313329	1.2144
0.316228	1.22506
0.319154	1.23581
0.322107	1.24666
0.325087	1.25761
0.328095	1.26867
0.331131	1.27982
0.334195	1.29108
0.337287	1.30245
0.340408	1.31392
0.343558	1.32549
0.346737	1.33717
0.349945	1.34896
0.353183	1.36086
0.356451	1.37287
0.359749	1.38499
0.363078	1.39722
0.366438	1.40957
0.369828	1.42203
0.37325	1.43461
0.376704	1.4473
0.380189	1.4601
0.383707	1.47303
0.387258	1.48608
0.390841	1.49925
0.394457	1.51254
0.398107	1.52595
0.401791	1.53949
0.405509	1.55315
0.409261	1.56694
0.413047	1.57898
0.416869	1.59036
0.420727	1.60185
0.42462	1.61344
0.428549	1.62514
0.432514	1.63694
0.436516	1.64886
0.440555	1.66088
0.444631	1.67302
0.448745	1.68527
0.452898	1.69763
0.457088	1.71011
0.461318	1.7227
0.465586	1.73541
0.469894	1.74824
0.474242	1.76118
0.47863	1.77425
0.483059	1.78744
0.487528	1.80074
0.49204	1.81418
0.496592	1.82773
0.501187	1.84141
0.505825	1.85522
0.510505	1.86913
0.515229	1.88107
0.519996	1.89312
0.524807	1.90527
0.529663	1.91754
0.534564	1.92993
0.539511	1.94243
0.544503	1.95505
0.549541	1.96778
0.554626	1.98063
0.559758	1.99359
0.564937	2.00668
0.570164	2.01989
0.57544	2.03322
0.580764	2.04668
0.586138	2.06026
0.591562	2.07396
0.597035	2.08779
0.60256	2.10176
0.608135	2.11584
0.613762	2.12903
0.619441	2.14157
0.625173	2.15422
0.630957	2.16698
0.636796	2.17987
0.642688	2.19287
0.648634	2.20599
0.654636	2.21924
0.660693	2.2326
0.666807	2.2461
0.672977	2.25971
0.679204	2.27346
0.685488	2.28732
0.691831	2.30132
0.698232	2.31545
0.704693	2.32971
0.711214	2.34395
0.717794	2.35685
0.724436	2.36986
0.731139	2.38299
0.737904	2.39624
0.744732	2.40962
0.751623	2.42312
0.758578	2.43675
0.765597	2.4505
0.772681	2.46438
0.77983	2.47838
0.787046	2.49252
0.794328	2.50679
0.801678	2.52119
0.809096	2.53572
0.816582	2.5492
0.824138	2.56247
0.831764	2.57587
0.83946	2.58939
0.847227	2.60304
0.855067	2.61681
0.862979	2.63071
0.870964	2.64474
0.879023	2.6589
0.887156	2.67318
0.895365	2.68761
0.903649	2.70216
0.912011	2.71664
0.92045	2.73002
0.928966	2.74352
0.937562	2.75715
0.946237	2.7709
0.954993	2.78478
0.963829	2.79878
0.972747	2.81292
0.981748	2.82719
0.990832	2.84159
1	2.85612
1.00925	2.87079
1.01859	2.88446
1.02802	2.89801
1.03753	2.91169
1.04713	2.92549
1.05682	2.93942
1.0666	2.95348
1.07647	2.96767
1.08643	2.98199
1.09648	2.99643
1.10662	3.01101
1.11686	3.02498
1.1272	3.03851
1.13763	3.05216
1.14815	3.06592
1.15878	3.07983
1.1695	3.09386
1.18032	3.10802
1.19124	3.12231
1.20226	3.13673
1.21339	3.15104
1.22462	3.16446
1.23595	3.17801
1.24738	3.19167
1.25893	3.20548
1.27057	3.21939
1.28233	3.23345
1.2942	3.24764
1.30617	3.26194
1.31826	3.27569
1.33045	3.28904
1.34276	3.30253
1.35519	3.31614
1.36773	3.32988
1.38038	3.34374
1.39316	3.35774
1.40605	3.37186
1.41906	3.38542
1.43219	3.39864
1.44544	3.41197
1.45881	3.42543
1.47231	3.43902
1.48594	3.45275
1.49968	3.46658
1.51356	3.48038
1.52757	3.49337
1.5417	3.50648
1.55597	3.51972
1.57036	3.53308
1.58489	3.54656
1.59956	3.56017
1.61436	3.57369
1.6293	3.5865
1.64437	3.59942
1.65959	3.61247
1.67494	3.62563
1.69044	3.63892
1.70608	3.65233
1.72187	3.66522
1.7378	3.67787
1.75388	3.69064
1.77011	3.70354
1.78649	3.71655
1.80302	3.72968
1.8197	3.74247
1.83654	3.75489
1.85353	3.76742
1.87068	3.78007
1.88799	3.79284
1.90546	3.80572
1.92309	3.81815
1.94089	3.83036
1.95884	3.84269
1.97697	3.85513
1.99526	3.86769
2.01372	3.88027
2.03236	3.89221
2.05116	3.90425
2.07014	3.91641
2.0893	3.92868
2.10863	3.94106
2.12814	3.95287
2.14783	3.96466
2.1677	3.97655
2.18776	3.98856
2.208	4.00068
2.22844	4.01229
2.24905	4.02384
2.26986	4.03551
2.29087	4.04729
2.31206	4.05917
2.33346	4.07043
2.35505	4.08179
2.37684	4.09325
2.39883	4.10482
2.42103	4.11622
2.44343	4.1273
2.46604	4.13849
2.48886	4.14977
2.51189	4.16116
2.53513	4.172
2.55859	4.18292
2.58226	4.19395
2.60615	4.20507
2.63027	4.21583
2.65461	4.22652
2.67917	4.23731
2.70396	4.2482
2.72898	4.25879
2.75423	4.26927
2.77971	4.27984
2.80543	4.29051
2.83139	4.30086
2.85759	4.31115
2.88403	4.32153
2.91072	4.332
2.93765	4.34206
2.96483	4.35217
2.99226	4.36237
3.01995	4.37253
3.04789	4.38239
3.0761	4.39234
3.10456	4.40238
3.13329	4.41216
3.16228	4.42187
3.19154	4.43168
3.22107	4.44144
3.25087	4.45094
3.28095	4.46053
3.31131	4.47021
3.34195	4.47953
3.37287	4.48892
3.40408	4.49839
3.43558	4.50763
3.46737	4.51683
3.49945	4.52611
3.53183	4.53523
3.56451	4.54425
3.59749	4.55336
3.63078	4.56233
3.66438	4.57119
3.69828	4.58013
3.7325	4.58893
3.76704	4.59764
3.80189	4.60643
3.83707	4.61505
3.87258	4.62362
3.90841	4.63227
3.94457	4.64068
3.98107	4.64912
4.01791	4.6576
4.05509	4.66584
4.09261	4.67416
4.13047	4.6824
4.16869	4.69053
4.20727	4.69874
4.2462	4.70675
4.28549	4.71477
4.32514	4.72278
4.36516	4.73064
4.40555	4.73857
4.44631	4.74633
4.48745	4.75411
4.52898	4.76184
4.57088	4.76946
4.61318	4.77715
4.65586	4.78464
4.69894	4.79218
4.74242	4.79962
4.7863	4.80702
4.83059	4.8144
4.87529	4.82168
4.9204	4.82899
4.96592	4.83615
5.01187	4.84337
5.05825	4.85042
5.10505	4.85752
5.15229	4.8645
5.19996	4.87149
5.24807	4.87838
5.29663	4.88526
5.34564	4.89207
5.39511	4.89885
5.44503	4.90557
5.49541	4.91225
5.54626	4.91887
5.59758	4.92547
5.64937	4.93199
5.70164	4.9385
5.7544	4.94492
5.80764	4.95135
5.86138	4.95766
5.91562	4.96401
5.97035	4.97023
6.0256	4.97647
6.08135	4.98262
6.13762	4.98875
6.19441	4.99483
6.25173	5.00086
6.30957	5.00688
6.36796	5.0128
6.42688	5.01872
6.48634	5.02456
6.54636	5.03038
6.60693	5.03617
6.66807	5.04188
6.72977	5.04759
6.79204	5.05322
6.85488	5.05882
6.91831	5.06441
6.98232	5.06991
7.04693	5.07539
7.11214	5.08084
7.17794	5.08622
7.24436	5.09158
7.31139	5.09691
7.37904	5.10216
7.44732	5.1074
7.51623	5.11261
7.58578	5.11775
7.65597	5.12286
7.72681	5.12795
7.7983	5.13299
7.87046	5.13798
7.94328	5.14294
8.01678	5.14788
8.09096	5.15275
8.16582	5.15759
8.24138	5.16241
8.31764	5.16719
8.3946	5.17191
8.47227	5.17661
8.55067	5.18127
8.62979	5.1859
8.70964	5.19049
8.79023	5.19504
8.87156	5.19955
8.95365	5.20403
9.03649	5.20848
9.12011	5.2129
9.2045	5.21727
9.28966	5.22161
9.37562	5.22591
9.46237	5.23019
9.54993	5.23443
9.63829	5.23864
9.72747	5.24281
9.81748	5.24695
9.90832	5.25106
10	5.25513
10.0925	5.25916
10.1859	5.26317
10.2802	5.26715
10.3753	5.27109
10.4713	5.275
10.5682	5.27888
10.666	5.28273
10.7647	5.28655
10.8643	5.29034
10.9648	5.29409
11.0662	5.29781
11.1686	5.30151
11.272	5.30518
11.3763	5.30881
11.4815	5.31242
11.5878	5.316
11.695	5.31955
11.8032	5.32306
11.9124	5.32656
12.0226	5.33002
12.1339	5.33345
12.2462	5.33685
12.3595	5.34023
12.4738	5.34357
12.5893	5.3469
12.7057	5.35019
12.8233	5.35346
12.942	5.3567
13.0617	5.35991
13.1826	5.36309
13.3045	5.36625
13.4277	5.36939
13.5519	5.3725
13.6773	5.37558
13.8038	5.37863
13.9316	5.38167
14.0605	5.38467
14.1906	5.38765
14.3219	5.39061
14.4544	5.39353
14.5881	5.39644
14.7231	5.39932
14.8594	5.40218
14.9968	5.40501
15.1356	5.40782
15.2757	5.41061
15.417	5.41337
15.5597	5.41611
15.7036	5.41883
15.8489	5.42152
15.9956	5.42419
16.1436	5.42684
16.293	5.42946
16.4437	5.43207
16.5959	5.43465
16.7494	5.43721
16.9044	5.43975
17.0608	5.44226
17.2187	5.44476
17.378	5.44723
17.5388	5.44969
17.7011	5.45212
17.8649	5.45453
18.0302	5.45692
18.197	5.45929
18.3654	5.46164
18.5353	5.46397
18.7068	5.46628
18.8799	5.46857
19.0546	5.47084
19.2309	5.4731
19.4089	5.47533
19.5884	5.47754
19.7697	5.47973
19.9526	5.48191
20.1372	5.48407
20.3236	5.4862
20.5116	5.48832
20.7014	5.49042
20.893	5.49251
21.0863	5.49457
21.2814	5.49662
21.4783	5.49865
21.677	5.50066
21.8776	5.50266
22.08	5.50464
22.2844	5.5066
22.4905	5.50854
22.6986	5.51047
22.9087	5.51238
23.1206	5.51427
23.3346	5.51615
23.5505	5.51801
23.7684	5.51986
23.9883	5.52168
24.2103	5.5235
24.4343	5.5253
24.6604	5.52708
24.8886	5.52884
25.1189	5.53059
25.3513	5.53233
25.5859	5.53405
25.8226	5.53575
26.0615	5.53745
26.3027	5.53912
26.5461	5.54078
26.7917	5.54243
27.0396	5.54406
27.2898	5.54568
27.5423	5.54728
27.7971	5.54887
28.0543	5.55045
28.3139	5.55201
28.5759	5.55356
28.8403	5.55509
29.1072	5.55662
29.3765	5.55812
29.6483	5.55962
29.9226	5.5611
30.1995	5.56257
30.4789	5.56402
30.761	5.56547
31.0456	5.5669
31.3329	5.56832
31.6228	5.56972
31.9154	5.57111
32.2107	5.57249
32.5087	5.57386
32.8095	5.57522
33.1131	5.57656
33.4195	5.5779
33.7287	5.57922
34.0408	5.58053
34.3558	5.58182
34.6737	5.58311
34.9945	5.58438
35.3183	5.58565
35.6451	5.5869
35.9749	5.58814
36.3078	5.58937
36.6438	5.59059
36.9828	5.5918
37.325	5.593
37.6704	5.59419
38.0189	5.59536
38.3707	5.59653
38.7258	5.59768
39.0841	5.59883
39.4457	5.59997
39.8107	5.60109
40.1791	5.60221
40.5509	5.60331
40.9261	5.60441
41.3048	5.6055
41.6869	5.60657
42.0727	5.60764
42.462	5.6087
42.8548	5.60974
43.2514	5.61078
43.6516	5.61181
44.0555	5.61283
44.4631	5.61384
44.8745	5.61485
45.2898	5.61584
45.7088	5.61682
46.1318	5.6178
46.5586	5.61877
46.9894	5.61973
47.4242	5.62067
47.863	5.62162
48.3059	5.62255
48.7528	5.62347
49.204	5.62439
49.6592	5.6253
50.1187	5.6262
50.5825	5.62709
51.0505	5.62797
51.5229	5.62885
51.9996	5.62972
52.4807	5.63058
52.9663	5.63143
53.4564	5.63228
53.9511	5.63311
54.4503	5.63394
54.9541	5.63477
55.4626	5.63558
55.9758	5.63639
56.4937	5.63719
57.0164	5.63798
57.544	5.63877
58.0764	5.63955
58.6138	5.64032
59.1562	5.64109
59.7035	5.64184
60.256	5.6426
60.8135	5.64334
61.3762	5.64408
61.9441	5.64481
62.5173	5.64554
63.0957	5.64626
63.6796	5.64697
64.2688	5.64767
64.8634	5.64837
65.4636	5.64907
66.0694	5.64975
66.6807	5.65043
67.2977	5.65111
67.9204	5.65178
68.5488	5.65244
69.1831	5.6531
69.8232	5.65375
70.4693	5.65439
71.1214	5.65503
71.7794	5.65566
72.4436	5.65629
73.1139	5.65691
73.7904	5.65753
74.4732	5.65814
75.1623	5.65875
75.8578	5.65935
76.5597	5.65994
77.2681	5.66053
77.983	5.66111
78.7046	5.66169
79.4328	5.66226
80.1678	5.66283
80.9096	5.6634
81.6582	5.66395
82.4138	5.66451
83.1764	5.66505
83.946	5.6656
84.7227	5.66614
85.5067	5.66667
86.2979	5.6672
87.0964	5.66772
87.9023	5.66824
88.7156	5.66875
89.5365	5.66926
90.3649	5.66977
91.2011	5.67027
92.045	5.67076
92.8967	5.67126
93.7562	5.67174
94.6237	5.67222
95.4993	5.6727
96.3829	5.67318
97.2747	5.67364
98.1748	5.67411
99.0832	5.67457
