0.1	0
0.100925	0
0.101859	0
0.102802	0
0.103753	0
0.104713	0
0.105682	0
0.10666	0
0.107647	0
0.108643	0
0.109648	0
0.110662	0
0.111686	0
0.11272	0
0.113763	0
0.114815	0
0.115878	0
0.11695	0
0.118032	0
0.119124	0
0.120226	0
0.121339	0
0.122462	0
0.123595	0
0.124738	0
0.125893	0
0.127057	0
0.128233	0
0.12942	0
0.130617	0
0.131826	0
0.133045	0
0.134277	0
0.135519	0
0.136773	0
0.138038	0
0.139316	0
0.140605	0
0.141906	0
0.143219	0
0.144544	0
0.145881	0
0.147231	0
0.148594	0
0.149968	0
0.151356	0
0.152757	0
0.15417	0
0.155597	0
0.157036	0
0.158489	0
0.159956	0
0.161436	0
0.16293	0
0.164437	0
0.165959	0
0.167494	0
0.169044	0
0.170608	0
0.172187	0
0.17378	0
0.175388	0
0.177011	0
0.178649	0
0.180302	0
0.18197	0
0.183654	0
0.185353	0
0.187068	0
0.188799	0
0.190546	0
0.192309	0
0.194089	0
0.195884	0
0.197697	0
0.199526	0
0.201372	0
0.203236	0
0.205116	0
0.207014	0
0.20893	0
0.210863	2.36196e-08
0.212814	9.11071e-08
0.214783	1.59217e-07
0.21677	2.2795e-07
0.218776	2.9734e-07
0.2208	3.67353e-07
0.222844	4.38057e-07
0.224905	5.0935e-07
0.226986	5.81334e-07
0.229087	6.5401e-07
0.231206	7.27309e-07
0.233346	8.01334e-07
0.235505	8.76017e-07
0.237684	9.51391e-07
0.239883	1.02746e-06
0.242103	1.10425e-06
0.244343	1.18173e-06
0.246604	1.25994e-06
0.248886	1.33888e-06
0.251189	1.41855e-06
0.253513	1.49894e-06
0.255859	1.58009e-06
0.258226	1.66196e-06
0.260615	1.7446e-06
0.263027	1.82804e-06
0.265461	1.91223e-06
0.267917	1.99719e-06
0.270396	2.08294e-06
0.272898	2.16949e-06
0.275423	2.25683e-06
0.277971	2.34497e-06
0.280543	2.43394e-06
0.283139	2.52374e-06
0.285759	2.61436e-06
0.288403	2.70582e-06
0.291072	2.79815e-06
0.293765	2.8913e-06
0.296483	2.98532e-06
0.299226	3.0802e-06
0.301995	3.17599e-06
0.30479	3.27267e-06
0.30761	3.37022e-06
0.310456	6.12621e-06
0.313329	4.73344e-05
0.316228	8.89155e-05
0.319154	0.000130884
0.322107	0.00017324
0.325087	0.000215983
0.328095	0.000259127
0.331131	0.000302673
0.334195	0.000346621
0.337287	0.00039097
0.340408	0.000435736
0.343558	0.000480917
0.346737	0.000526514
0.349945	0.000572527
0.353183	0.000618971
0.356451	0.000665845
0.359749	0.000713149
0.363078	0.000760897
0.366438	0.000809091
0.369828	0.000857715
0.37325	0.000906797
0.376704	0.000956339
0.380189	0.00100633
0.383707	0.00105678
0.387258	0.00110772
0.390841	0.00115911
0.394457	0.00121097
0.398107	0.00126333
0.401791	0.00131617
0.405509	0.0013695
0.409261	0.00142331
0.413047	0.0015845
0.416869	0.00179137
0.420727	0.00200019
0.42462	0.0022109
0.428549	0.00242356
0.432514	0.00263817
0.436516	0.00285479
0.440555	0.0030734
0.444631	0.00329402
0.448745	0.00351669
0.452898	0.00374148
0.457088	0.00396827
0.461318	0.00419722
0.465586	0.00442823
0.469894	0.00466141
0.474242	0.00489675
0.47863	0.00513425
0.483059	0.00537398
0.487528	0.00561587
0.49204	0.00586009
0.496592	0.00610647
0.501187	0.00635518
0.505825	0.00660622
0.510505	0.00686178
0.515229	0.00731267
0.519996	0.00776766
0.524807	0.00822686
0.529663	0.00869034
0.534564	0.00915813
0.539511	0.0096303
0.544503	0.0101068
0.549541	0.0105876
0.554626	0.011073
0.559758	0.0115628
0.564937	0.0120571
0.570164	0.012556
0.57544	0.0130596
0.580764	0.0135678
0.586138	0.0140807
0.591562	0.0145984
0.597035	0.0151208
0.60256	0.0156481
0.608135	0.0161802
0.613762	0.0168109
0.619441	0.0175179
0.625173	0.0182316
0.630957	0.0189517
0.636796	0.0196786
0.642688	0.0204122
0.648634	0.0211525
0.654636	0.0218997
0.660693	0.0226538
0.666807	0.023415
0.672977	0.0241832
0.679204	0.0249584
0.685488	0.0257408
0.691831	0.0265305
0.698232	0.0273274
0.704693	0.0281318
0.711214	0.0289499
0.717794	0.0298397
0.724436	0.0307378
0.731139	0.0316441
0.737904	0.0325589
0.744732	0.0334822
0.751623	0.0344139
0.758578	0.0353544
0.765597	0.0363035
0.772681	0.0372614
0.77983	0.038228
0.787046	0.0392037
0.794328	0.0401884
0.801678	0.0411823
0.809096	0.0421853
0.816582	0.0432023
0.824138	0.0442303
0.831764	0.0452677
0.83946	0.0463146
0.847227	0.0473713
0.855067	0.0484378
0.862979	0.0495141
0.870964	0.0506004
0.879023	0.0516967
0.887156	0.0528031
0.895365	0.0539199
0.903649	0.0550468
0.912011	0.056181
0.92045	0.0573056
0.928966	0.0584403
0.937562	0.0595858
0.946237	0.0607417
0.954993	0.0619085
0.963829	0.0630859
0.972747	0.0642742
0.981748	0.0654736
0.990832	0.0666841
1	0.0679057
1.00925	0.0691383
1.01859	0.0703605
1.02802	0.0715896
1.03753	0.0728292
1.04713	0.0740805
1.05682	0.0753435
1.0666	0.0766183
1.07647	0.0779048
1.08643	0.079203
1.09648	0.080513
1.10662	0.0818346
1.11686	0.0831567
1.1272	0.0844823
1.13763	0.0858194
1.14815	0.087168
1.15878	0.0885307
1.1695	0.0899049
1.18032	0.091292
1.19124	0.0926919
1.20226	0.0941046
1.21339	0.0955341
1.22462	0.0969867
1.23595	0.0984523
1.24738	0.0999308
1.25893	0.101425
1.27057	0.10293
1.28233	0.104452
1.2942	0.105987
1.30617	0.107535
1.31826	0.109135
1.33045	0.110772
1.34276	0.112426
1.35519	0.114096
1.36773	0.11578
1.38038	0.117479
1.39316	0.119196
1.40605	0.120928
1.41906	0.122718
1.43219	0.124552
1.44544	0.126404
1.45881	0.128272
1.47231	0.130158
1.48594	0.132063
1.49968	0.133983
1.51356	0.135932
1.52757	0.137953
1.5417	0.139992
1.55597	0.14205
1.57036	0.144126
1.58489	0.146222
1.59956	0.148338
1.61436	0.150484
1.6293	0.152695
1.64437	0.154925
1.65959	0.157177
1.67494	0.159448
1.69044	0.161742
1.70608	0.164057
1.72187	0.166421
1.7378	0.16882
1.75388	0.171243
1.77011	0.173688
1.78649	0.176155
1.80302	0.178645
1.8197	0.181167
1.83654	0.183722
1.85353	0.186301
1.87068	0.188903
1.88799	0.19153
1.90546	0.194181
1.92309	0.196859
1.94089	0.199563
1.95884	0.20229
1.97697	0.205044
1.99526	0.207823
2.01372	0.210626
2.03236	0.213449
2.05116	0.216296
2.07014	0.219171
2.0893	0.222072
2.10863	0.225
2.12814	0.227943
2.14783	0.230912
2.1677	0.233908
2.18776	0.236932
2.208	0.239984
2.22844	0.243047
2.24905	0.246131
2.26986	0.249245
2.29087	0.252389
2.31206	0.25556
2.33346	0.258726
2.35505	0.26192
2.37684	0.265143
2.39883	0.268396
2.42103	0.271667
2.44343	0.274946
2.46604	0.278256
2.48886	0.281597
2.51189	0.284968
2.53513	0.288331
2.55859	0.291724
2.58226	0.295148
2.60615	0.298604
2.63027	0.30207
2.65461	0.305561
2.67917	0.309083
2.70396	0.312638
2.72898	0.316193
2.75423	0.319762
2.77971	0.323365
2.80543	0.327001
2.83139	0.330635
2.85759	0.334288
2.88403	0.337976
2.91072	0.341698
2.93765	0.345407
2.96483	0.349148
2.99226	0.352923
3.01995	0.356722
3.04789	0.360519
3.0761	0.364353
3.10456	0.368221
3.13329	0.372092
3.16228	0.375986
3.19154	0.379915
3.22107	0.383867
3.25087	0.387817
3.28095	0.391805
3.31131	0.395829
3.34195	0.399833
3.37287	0.40387
3.40408	0.407945
3.43558	0.412021
3.46737	0.416119
3.49945	0.420254
3.53183	0.424402
3.56451	0.428569
3.59749	0.432775
3.63078	0.436981
3.66438	0.441192
3.69828	0.445441
3.7325	0.449707
3.76704	0.453995
3.80189	0.458322
3.83707	0.462646
3.87258	0.466989
3.90841	0.471372
3.94457	0.475743
3.98107	0.480148
4.01791	0.484586
4.05509	0.48901
4.09261	0.493475
4.13047	0.497962
4.16869	0.502469
4.20727	0.507017
4.2462	0.511558
4.28549	0.51613
4.32514	0.520723
4.36516	0.525305
4.40555	0.52993
4.44631	0.534559
4.48745	0.539222
4.52898	0.543908
4.57088	0.548598
4.61318	0.553332
4.65586	0.558043
4.69894	0.562796
4.74242	0.567565
4.7863	0.572361
4.83059	0.577175
4.87529	0.581987
4.9204	0.586836
4.96592	0.59168
5.01187	0.59657
5.05825	0.601459
5.10505	0.606389
5.15229	0.61131
5.19996	0.616261
5.24807	0.621222
5.29663	0.626212
5.34564	0.631223
5.39511	0.636265
5.44503	0.641309
5.49541	0.646371
5.54626	0.651431
5.59758	0.656506
5.64937	0.661601
5.70164	0.666729
5.7544	0.671857
5.80764	0.677016
5.86138	0.682173
5.91562	0.687371
5.97035	0.692571
6.0256	0.697807
6.08135	0.703029
6.13762	0.708276
6.19441	0.713533
6.25173	0.718811
6.30957	0.724119
6.36796	0.729421
6.42688	0.734754
6.48634	0.74009
6.54636	0.745455
6.60693	0.750848
6.66807	0.756237
6.72977	0.76165
6.79204	0.76706
6.85488	0.772488
6.91831	0.777947
6.98232	0.783409
7.04693	0.788898
7.11214	0.794409
7.17794	0.799907
7.24436	0.805424
7.31139	0.810951
7.37904	0.816474
7.44732	0.822025
7.51623	0.827605
7.58578	0.833211
7.65597	0.838839
7.72681	0.84448
7.7983	0.850088
7.87046	0.855698
7.94328	0.861331
8.01678	0.866999
8.09096	0.87268
8.16582	0.878376
8.24138	0.884088
8.31764	0.889817
8.3946	0.895557
8.47227	0.901313
8.55067	0.907083
8.62979	0.91286
8.70964	0.918636
8.79023	0.92441
8.87156	0.930201
8.95365	0.936018
9.03649	0.941861
9.12011	0.947725
9.2045	0.953568
9.28966	0.959398
9.37562	0.965243
9.46237	0.971121
9.54993	0.977033
9.63829	0.982957
9.72747	0.988873
9.81748	0.994786
9.90832	1.00072
10	1.00669
10.0925	1.01266
10.1859	1.01862
10.2802	1.02458
10.3753	1.03054
10.4713	1.03652
10.5682	1.04253
10.666	1.04856
10.7647	1.0546
10.8643	1.06065
10.9648	1.06669
11.0662	1.07273
11.1686	1.07879
11.272	1.08487
11.3763	1.09096
11.4815	1.09705
11.5878	1.10314
11.695	1.10923
11.8032	1.11534
11.9124	1.12146
12.0226	1.1276
12.1339	1.13375
12.2462	1.1399
12.3595	1.14606
12.4738	1.15223
12.5893	1.15841
12.7057	1.16459
12.8233	1.17078
12.942	1.17698
13.0617	1.18317
13.1826	1.18937
13.3045	1.19559
13.4277	1.20183
13.5519	1.20807
13.6773	1.21431
13.8038	1.22055
13.9316	1.22678
14.0605	1.23301
14.1906	1.23926
14.3219	1.24554
14.4544	1.25184
14.5881	1.25815
14.7231	1.26445
14.8594	1.27072
14.9968	1.277
15.1356	1.28331
15.2757	1.28963
15.417	1.29596
15.5597	1.30228
15.7036	1.3086
15.8489	1.31495
15.9956	1.32131
16.1436	1.32767
16.293	1.33402
16.4437	1.34036
16.5959	1.34672
16.7494	1.3531
16.9044	1.35949
17.0608	1.36586
17.2187	1.37221
17.378	1.37857
17.5388	1.38496
17.7011	1.39139
17.8649	1.39781
18.0302	1.40422
18.197	1.41062
18.3654	1.41702
18.5353	1.42344
18.7068	1.42986
18.8799	1.43629
19.0546	1.44273
19.2309	1.44917
19.4089	1.45562
19.5884	1.46207
19.7697	1.46853
19.9526	1.47499
20.1372	1.48145
20.3236	1.48791
20.5116	1.49436
20.7014	1.50082
20.893	1.5073
21.0863	1.51378
21.2814	1.52026
21.4783	1.52674
21.677	1.53321
21.8776	1.53969
22.08	1.54618
22.2844	1.55268
22.4905	1.55917
22.6986	1.56566
22.9087	1.57216
23.1206	1.57866
23.3346	1.58516
23.5505	1.59168
23.7684	1.5982
23.9883	1.60473
24.2103	1.61127
24.4343	1.61781
24.6604	1.62434
24.8886	1.63087
25.1189	1.6374
25.3513	1.64394
25.5859	1.65047
25.8226	1.657
26.0615	1.66353
26.3027	1.67005
26.5461	1.67658
26.7917	1.68311
27.0396	1.68966
27.2898	1.69623
27.5423	1.7028
27.7971	1.70936
28.0543	1.71588
28.3139	1.72239
28.5759	1.72894
28.8403	1.73553
29.1072	1.74212
29.3765	1.74867
29.6483	1.75518
29.9226	1.7617
30.1995	1.76827
30.4789	1.77487
30.761	1.78148
31.0456	1.78808
31.3329	1.79466
31.6228	1.80121
31.9154	1.80775
32.2107	1.8143
32.5087	1.82089
32.8095	1.82749
33.1131	1.83406
33.4195	1.84061
33.7287	1.84715
34.0408	1.85372
34.3558	1.86033
34.6737	1.86693
34.9945	1.87351
35.3183	1.88008
35.6451	1.88665
35.9749	1.89323
36.3078	1.89982
36.6438	1.9064
36.9828	1.91295
37.325	1.91952
37.6704	1.92612
38.0189	1.93273
38.3707	1.93933
38.7258	1.94592
39.0841	1.95249
39.4457	1.95907
39.8107	1.96567
40.1791	1.97227
40.5509	1.97887
40.9261	1.98546
41.3048	1.99204
41.6869	1.9986
42.0727	2.00517
42.462	2.01176
42.8548	2.01836
43.2514	2.02497
43.6516	2.03157
44.0555	2.03815
44.4631	2.04473
44.8745	2.05131
45.2898	2.05789
45.7088	2.06448
46.1318	2.07107
46.5586	2.07767
46.9894	2.08428
47.4242	2.09088
47.863	2.09748
48.3059	2.10408
48.7528	2.11066
49.204	2.11724
49.6592	2.12382
50.1187	2.13039
50.5825	2.13697
51.0505	2.14355
51.5229	2.15014
51.9996	2.15672
52.4807	2.1633
52.9663	2.16988
53.4564	2.17645
53.9511	2.18304
54.4503	2.18965
54.9541	2.19627
55.4626	2.20288
55.9758	2.20945
56.4937	2.216
57.0164	2.22255
57.544	2.22912
58.0764	2.23571
58.6138	2.2423
59.1562	2.2489
59.7035	2.25548
60.256	2.26204
60.8135	2.26858
61.3762	2.27514
61.9441	2.28171
62.5173	2.28829
63.0957	2.29488
63.6796	2.30147
64.2688	2.30806
64.8634	2.31463
65.4636	2.3212
66.0694	2.32774
66.6807	2.33426
67.2977	2.34079
67.9204	2.34737
68.5488	2.35398
69.1831	2.36058
69.8232	2.36714
70.4693	2.37367
71.1214	2.3802
71.7794	2.38674
72.4436	2.39328
73.1139	2.39984
73.7904	2.40641
74.4732	2.41299
75.1623	2.41957
75.8578	2.42616
76.5597	2.43274
77.2681	2.4393
77.983	2.44584
78.7046	2.45237
79.4328	2.4589
80.1678	2.46544
80.9096	2.472
81.6582	2.47855
82.4138	2.4851
83.1764	2.49163
83.946	2.49815
84.7227	2.50469
85.5067	2.51123
86.2979	2.51779
87.0964	2.52433
87.9023	2.53087
88.7156	2.53739
89.5365	2.5439
90.3649	2.55041
91.2011	2.55695
92.045	2.56351
92.8967	2.57007
93.7562	2.57662
94.6237	2.58315
95.4993	2.58966
96.3829	2.59616
97.2747	2.60265
98.1748	2.60915
99.0832	2.61568
