0.1	0
0.100925	0
0.101859	0
0.102802	0
0.103753	0
0.104713	0
0.105682	0
0.10666	0
0.107647	0
0.108643	0
0.109648	0
0.110662	7.92116e-07
0.111686	2.21039e-06
0.11272	3.64252e-06
0.113763	5.08711e-06
0.114815	6.54417e-06
0.115878	8.01646e-06
0.11695	9.50122e-06
0.118032	1.09998e-05
0.119124	1.25123e-05
0.120226	1.40386e-05
0.121339	1.55801e-05
0.122462	1.71355e-05
0.123595	1.87048e-05
0.124738	2.02879e-05
0.125893	2.18876e-05
0.127057	2.34998e-05
0.128233	2.51286e-05
0.12942	2.67726e-05
0.130617	2.84305e-05
0.131826	3.0105e-05
0.133045	3.17934e-05
0.134277	3.34997e-05
0.135519	3.522e-05
0.136773	3.69568e-05
0.138038	3.87089e-05
0.139316	4.04789e-05
0.140605	4.22642e-05
0.141906	4.40662e-05
0.143219	4.58847e-05
0.144544	4.77199e-05
0.145881	4.95717e-05
0.147231	5.14415e-05
0.148594	5.33293e-05
0.149968	5.52323e-05
0.151356	5.71548e-05
0.152757	5.90952e-05
0.15417	6.10523e-05
0.155597	6.30287e-05
0.157036	6.50218e-05
0.158489	6.70342e-05
0.159956	6.90661e-05
0.161436	7.11159e-05
0.16293	7.31852e-05
0.164437	7.52724e-05
0.165959	7.73804e-05
0.167494	7.95065e-05
0.169044	8.16533e-05
0.170608	8.38195e-05
0.172187	8.60064e-05
0.17378	8.82128e-05
0.175388	9.04399e-05
0.177011	9.26879e-05
0.178649	9.49566e-05
0.180302	9.7246e-05
0.18197	9.95563e-05
0.183654	0.000101889
0.185353	0.000104242
0.187068	0.000106617
0.188799	0.000109015
0.190546	0.000111434
0.192309	0.000113876
0.194089	0.000116342
0.195884	0.000118828
0.197697	0.000121339
0.199526	0.000123872
0.201372	0.000126429
0.203236	0.00012901
0.205116	0.000131614
0.207014	0.000134243
0.20893	0.000136897
0.210863	0.000172178
0.212814	0.000268038
0.214783	0.000364782
0.21677	0.000462411
0.218776	0.000560973
0.2208	0.00066042
0.222844	0.00076085
0.224905	0.000862114
0.226986	0.000964362
0.229087	0.00106759
0.231206	0.00117171
0.233346	0.00127685
0.235505	0.00138293
0.237684	0.00148999
0.239883	0.00159804
0.242103	0.00170712
0.244343	0.00181718
0.246604	0.00192827
0.248886	0.00204039
0.251189	0.00215355
0.253513	0.00226773
0.255859	0.002383
0.258226	0.0024993
0.260615	0.00261668
0.263027	0.00273519
0.265461	0.00285478
0.267917	0.00297546
0.270396	0.00309726
0.272898	0.00322019
0.275423	0.00334425
0.277971	0.00346945
0.280543	0.00359582
0.283139	0.00372337
0.285759	0.0038521
0.288403	0.00398201
0.291072	0.00411315
0.293765	0.00424547
0.296483	0.00437901
0.299226	0.00451379
0.301995	0.00464984
0.30479	0.00478717
0.30761	0.00492572
0.310456	0.00509379
0.313329	0.00567161
0.316228	0.00625467
0.319154	0.00684316
0.322107	0.00743707
0.325087	0.00803642
0.328095	0.0086414
0.331131	0.00925201
0.334195	0.00986825
0.337287	0.0104901
0.340408	0.0111178
0.343558	0.0117514
0.346737	0.0123907
0.349945	0.0130359
0.353183	0.0136872
0.356451	0.0143444
0.359749	0.0150077
0.363078	0.0156773
0.366438	0.0163531
0.369828	0.0170349
0.37325	0.0177231
0.376704	0.0184178
0.380189	0.0191187
0.383707	0.0198263
0.387258	0.0205404
0.390841	0.0212611
0.394457	0.0219883
0.398107	0.0227224
0.401791	0.0234634
0.405509	0.0242111
0.409261	0.0249658
0.413047	0.0263983
0.416869	0.0281217
0.420727	0.0298613
0.42462	0.0316167
0.428549	0.0333884
0.432514	0.0351763
0.436516	0.0369808
0.440555	0.0388021
0.444631	0.04064
0.448745	0.0424951
0.452898	0.0443677
0.457088	0.046257
0.461318	0.0481644
0.465586	0.0500889
0.469894	0.0520315
0.474242	0.053992
0.47863	0.0559707
0.483059	0.0579678
0.487528	0.0599829
0.49204	0.0620174
0.496592	0.06407
0.501187	0.0661419
0.505825	0.0682333
0.510505	0.0703619
0.515229	0.0740786
0.519996	0.0778292
0.524807	0.0816144
0.529663	0.085435
0.534564	0.089291
0.539511	0.0931832
0.544503	0.0971108
0.549541	0.101075
0.554626	0.105075
0.559758	0.109113
0.564937	0.113188
0.570164	0.1173
0.57544	0.121451
0.580764	0.12564
0.586138	0.129868
0.591562	0.134136
0.597035	0.138442
0.60256	0.142789
0.608135	0.147175
0.613762	0.152716
0.619441	0.159146
0.625173	0.165637
0.630957	0.172187
0.636796	0.178799
0.642688	0.18547
0.648634	0.192204
0.654636	0.199
0.660693	0.205859
0.666807	0.212782
0.672977	0.219769
0.679204	0.22682
0.685488	0.233936
0.691831	0.241118
0.698232	0.248367
0.704693	0.255683
0.711214	0.263258
0.717794	0.272861
0.724436	0.282555
0.731139	0.292338
0.737904	0.302212
0.744732	0.312177
0.751623	0.322235
0.758578	0.332386
0.765597	0.34263
0.772681	0.352969
0.77983	0.363403
0.787046	0.373935
0.794328	0.384563
0.801678	0.39529
0.809096	0.406117
0.816582	0.419021
0.824138	0.432599
0.831764	0.446302
0.83946	0.460132
0.847227	0.474089
0.855067	0.488177
0.862979	0.502395
0.870964	0.516744
0.879023	0.531226
0.887156	0.54584
0.895365	0.560592
0.903649	0.575478
0.912011	0.590898
0.92045	0.608829
0.928966	0.626923
0.937562	0.645188
0.946237	0.66362
0.954993	0.682225
0.963829	0.700999
0.972747	0.719948
0.981748	0.739073
0.990832	0.758375
1	0.777855
1.00925	0.797509
1.01859	0.819649
1.02802	0.8425
1.03753	0.865546
1.04713	0.888809
1.05682	0.91229
1.0666	0.935989
1.07647	0.959907
1.08643	0.984042
1.09648	1.0084
1.10662	1.03297
1.11686	1.05947
1.1272	1.08749
1.13763	1.11576
1.14815	1.14428
1.15878	1.17309
1.1695	1.20215
1.18032	1.23147
1.19124	1.26107
1.20226	1.29094
1.21339	1.3219
1.22462	1.35618
1.23595	1.39078
1.24738	1.42567
1.25893	1.46093
1.27057	1.49647
1.28233	1.53238
1.2942	1.56862
1.30617	1.60516
1.31826	1.6446
1.33045	1.68615
1.34276	1.72811
1.35519	1.77049
1.36773	1.81323
1.38038	1.85636
1.39316	1.89992
1.40605	1.94386
1.41906	1.99092
1.43219	2.04024
1.44544	2.09001
1.45881	2.14023
1.47231	2.19094
1.48594	2.24213
1.49968	2.29374
1.51356	2.34662
1.52757	2.40393
1.5417	2.46173
1.55597	2.52011
1.57036	2.57898
1.58489	2.63842
1.59956	2.69843
1.61436	2.75991
1.6293	2.82579
1.64437	2.89224
1.65959	2.95935
1.67494	3.02704
1.69044	3.09539
1.70608	3.16435
1.72187	3.23716
1.7378	3.3123
1.75388	3.38815
1.77011	3.46471
1.78649	3.54197
1.80302	3.61994
1.8197	3.70097
1.83654	3.78529
1.85353	3.87037
1.87068	3.95625
1.88799	4.04292
1.90546	4.1304
1.92309	4.22184
1.94089	4.31592
1.95884	4.41079
1.97697	4.50661
1.99526	4.60328
2.01372	4.70135
2.03236	4.8048
2.05116	4.90914
2.07014	5.01448
2.0893	5.12082
2.10863	5.2281
2.12814	5.34043
2.14783	5.45462
2.1677	5.56986
2.18776	5.68619
2.208	5.80357
2.22844	5.92615
2.24905	6.05072
2.26986	6.1765
2.29087	6.3035
2.31206	6.43158
2.33346	6.56603
2.35505	6.70169
2.37684	6.8386
2.39883	6.97677
2.42103	7.1182
2.44343	7.26385
2.46604	7.41087
2.48886	7.55926
2.51189	7.709
2.53513	7.8648
2.55859	8.02214
2.58226	8.1809
2.60615	8.34112
2.63027	8.50642
2.65461	8.67445
2.67917	8.844
2.70396	9.01513
2.72898	9.19096
2.75423	9.37001
2.77971	9.55069
2.80543	9.73307
2.83139	9.92052
2.85759	10.111
2.88403	10.3032
2.91072	10.4972
2.93765	10.6973
2.96483	10.8996
2.99226	11.1038
3.01995	11.3111
3.04789	11.5237
3.0761	11.7384
3.10456	11.9549
3.13329	12.1768
3.16228	12.402
3.19154	12.6293
3.22107	12.8599
3.25087	13.0957
3.28095	13.3338
3.31131	13.5741
3.34195	13.8206
3.37287	14.0697
3.40408	14.321
3.43558	14.5778
3.46737	14.8381
3.49945	15.1008
3.53183	15.3684
3.56451	15.6403
3.59749	15.9147
3.63078	16.1938
3.66438	16.4776
3.69828	16.7639
3.7325	17.0551
3.76704	17.3508
3.80189	17.6491
3.83707	17.9526
3.87258	18.2602
3.90841	18.5706
3.94457	18.8867
3.98107	19.2064
4.01791	19.5294
4.05509	19.8585
4.09261	20.1907
4.13047	20.5274
4.16869	20.8693
4.20727	21.2144
4.2462	21.5656
4.28549	21.9206
4.32514	22.2799
4.36516	22.6449
4.40555	23.0132
4.44631	23.3875
4.48745	23.766
4.52898	24.1491
4.57088	24.5377
4.61318	24.93
4.65586	25.3287
4.69894	25.7313
4.74242	26.1396
4.7863	26.5527
4.83059	26.9708
4.87529	27.3946
4.9204	27.8227
4.96592	28.2572
5.01187	28.6958
5.05825	29.1411
5.10505	29.5906
5.15229	30.0463
5.19996	30.5068
5.24807	30.9732
5.29663	31.4448
5.34564	31.9223
5.39511	32.4052
5.44503	32.894
5.49541	33.3885
5.54626	33.8893
5.59758	34.3959
5.64937	34.9092
5.70164	35.4282
5.7544	35.9544
5.80764	36.486
5.86138	37.025
5.91562	37.5694
5.97035	38.121
6.0256	38.6781
6.08135	39.2419
6.13762	39.8115
6.19441	40.3874
6.25173	40.9697
6.30957	41.5579
6.36796	42.1533
6.42688	42.7547
6.48634	43.3633
6.54636	43.9787
6.60693	44.6008
6.66807	45.2307
6.72977	45.8671
6.79204	46.5111
6.85488	47.1623
6.91831	47.8205
6.98232	48.4864
7.04693	49.1595
7.11214	49.8398
7.17794	50.5277
7.24436	51.223
7.31139	51.9255
7.37904	52.6361
7.44732	53.3542
7.51623	54.0799
7.58578	54.814
7.65597	55.5558
7.72681	56.3054
7.7983	57.0634
7.87046	57.8296
7.94328	58.6039
8.01678	59.3864
8.09096	60.1776
8.16582	60.977
8.24138	61.7849
8.31764	62.6011
8.3946	63.4263
8.47227	64.2599
8.55067	65.1024
8.62979	65.9536
8.70964	66.8139
8.79023	67.6832
8.87156	68.5616
8.95365	69.4493
9.03649	70.346
9.12011	71.2524
9.2045	72.1683
9.28966	73.0937
9.37562	74.0289
9.46237	74.9737
9.54993	75.9285
9.63829	76.893
9.72747	77.8675
9.81748	78.8523
9.90832	79.8472
10	80.8525
10.0925	81.8677
10.1859	82.8939
10.2802	83.9309
10.3753	84.9777
10.4713	86.0354
10.5682	87.104
10.666	88.1835
10.7647	89.2739
10.8643	90.3751
10.9648	91.4873
11.0662	92.6104
11.1686	93.7455
11.272	94.8926
11.3763	96.0506
11.4815	97.2196
11.5878	98.4018
11.695	99.5949
11.8032	100.8
11.9124	102.017
12.0226	103.247
12.1339	104.49
12.2462	105.745
12.3595	107.012
12.4738	108.291
12.5893	109.585
12.7057	110.889
12.8233	112.208
12.942	113.54
13.0617	114.884
13.1826	116.243
13.3045	117.613
13.4277	118.999
13.5519	120.398
13.6773	121.811
13.8038	123.237
13.9316	124.679
14.0605	126.135
14.1906	127.606
14.3219	129.091
14.4544	130.591
14.5881	132.106
14.7231	133.636
14.8594	135.181
14.9968	136.739
15.1356	138.314
15.2757	139.903
15.417	141.505
15.5597	143.124
15.7036	144.758
15.8489	146.407
15.9956	148.074
16.1436	149.756
16.293	151.455
16.4437	153.171
16.5959	154.905
16.7494	156.655
16.9044	158.423
17.0608	160.209
17.2187	162.013
17.378	163.833
17.5388	165.672
17.7011	167.528
17.8649	169.402
18.0302	171.294
18.197	173.203
18.3654	175.131
18.5353	177.077
18.7068	179.043
18.8799	181.027
19.0546	183.031
19.2309	185.054
19.4089	187.098
19.5884	189.16
19.7697	191.243
19.9526	193.346
20.1372	195.469
20.3236	197.613
20.5116	199.776
20.7014	201.961
20.893	204.167
21.0863	206.393
21.2814	208.641
21.4783	210.91
21.677	213.2
21.8776	215.513
22.08	217.847
22.2844	220.205
22.4905	222.584
22.6986	224.986
22.9087	227.412
23.1206	229.859
23.3346	232.332
23.5505	234.827
23.7684	237.346
23.9883	239.889
24.2103	242.457
24.4343	245.049
24.6604	247.666
24.8886	250.308
25.1189	252.976
25.3513	255.668
25.5859	258.386
25.8226	261.129
26.0615	263.898
26.3027	266.695
26.5461	269.518
26.7917	272.367
27.0396	275.243
27.2898	278.148
27.5423	281.08
27.7971	284.039
28.0543	287.028
28.3139	290.045
28.5759	293.091
28.8403	296.166
29.1072	299.27
29.3765	302.402
29.6483	305.563
29.9226	308.754
30.1995	311.974
30.4789	315.224
30.761	318.505
31.0456	321.816
31.3329	325.158
31.6228	328.532
31.9154	331.937
32.2107	335.376
32.5087	338.846
32.8095	342.351
33.1131	345.889
33.4195	349.461
33.7287	353.066
34.0408	356.706
34.3558	360.38
34.6737	364.089
34.9945	367.831
35.3183	371.609
35.6451	375.422
35.9749	379.271
36.3078	383.156
36.6438	387.077
36.9828	391.035
37.325	395.03
37.6704	399.063
38.0189	403.133
38.3707	407.242
38.7258	411.391
39.0841	415.577
39.4457	419.803
39.8107	424.069
40.1791	428.376
40.5509	432.723
40.9261	437.11
41.3048	441.539
41.6869	446.007
42.0727	450.52
42.462	455.073
42.8548	459.668
43.2514	464.306
43.6516	468.987
44.0555	473.711
44.4631	478.478
44.8745	483.289
45.2898	488.146
45.7088	493.047
46.1318	497.996
46.5586	502.99
46.9894	508.032
47.4242	513.122
47.863	518.26
48.3059	523.447
48.7528	528.682
49.204	533.969
49.6592	539.303
50.1187	544.687
50.5825	550.122
51.0505	555.607
51.5229	561.144
51.9996	566.73
52.4807	572.369
52.9663	578.061
53.4564	583.805
53.9511	589.604
54.4503	595.456
54.9541	601.363
55.4626	607.325
55.9758	613.342
56.4937	619.416
57.0164	625.545
57.544	631.733
58.0764	637.976
58.6138	644.279
59.1562	650.64
59.7035	657.058
60.256	663.537
60.8135	670.075
61.3762	676.675
61.9441	683.335
62.5173	690.058
63.0957	696.843
63.6796	703.693
64.2688	710.606
64.8634	717.583
65.4636	724.626
66.0694	731.736
66.6807	738.91
67.2977	746.152
67.9204	753.462
68.5488	760.838
69.1831	768.284
69.8232	775.798
70.4693	783.383
71.1214	791.038
71.7794	798.762
72.4436	806.558
73.1139	814.425
73.7904	822.365
74.4732	830.378
75.1623	838.464
75.8578	846.624
76.5597	854.86
77.2681	863.171
77.983	871.56
78.7046	880.028
79.4328	888.574
80.1678	897.2
80.9096	905.908
81.6582	914.697
82.4138	923.568
83.1764	932.522
83.946	941.558
84.7227	950.677
85.5067	959.882
86.2979	969.169
87.0964	978.542
87.9023	988
88.7156	997.544
89.5365	1007.18
90.3649	1016.89
91.2011	1026.7
92.045	1036.6
92.8967	1046.6
93.7562	1056.68
94.6237	1066.85
95.4993	1077.12
96.3829	1087.49
97.2747	1097.95
98.1748	1108.5
99.0832	1119.16
