0.1	0
0.100925	0
0.101859	0
0.102802	0
0.103753	0
0.104713	0
0.105682	0
0.10666	0
0.107647	0
0.108643	0
0.109648	0
0.110662	2.76854e-07
0.111686	7.72558e-07
0.11272	1.2731e-06
0.113763	1.77801e-06
0.114815	2.28726e-06
0.115878	2.80185e-06
0.11695	3.32079e-06
0.118032	3.84457e-06
0.119124	4.37319e-06
0.120226	4.90665e-06
0.121339	5.44544e-06
0.122462	5.98907e-06
0.123595	6.53754e-06
0.124738	7.09085e-06
0.125893	7.64997e-06
0.127057	8.21345e-06
0.128233	8.78273e-06
0.12942	9.35734e-06
0.130617	9.93679e-06
0.131826	1.05221e-05
0.133045	1.11122e-05
0.134277	1.17086e-05
0.135519	1.23098e-05
0.136773	1.29168e-05
0.138038	1.35292e-05
0.139316	1.41479e-05
0.140605	1.47718e-05
0.141906	1.54016e-05
0.143219	1.60372e-05
0.144544	1.66787e-05
0.145881	1.73259e-05
0.147231	1.79794e-05
0.148594	1.86392e-05
0.149968	1.93043e-05
0.151356	1.99763e-05
0.152757	2.06545e-05
0.15417	2.13385e-05
0.155597	2.20293e-05
0.157036	2.27259e-05
0.158489	2.34292e-05
0.159956	2.41394e-05
0.161436	2.48558e-05
0.16293	2.55791e-05
0.164437	2.63086e-05
0.165959	2.70454e-05
0.167494	2.77884e-05
0.169044	2.85388e-05
0.170608	2.92959e-05
0.172187	3.00603e-05
0.17378	3.08314e-05
0.175388	3.16098e-05
0.177011	3.23955e-05
0.178649	3.31884e-05
0.180302	3.39886e-05
0.18197	3.47961e-05
0.183654	3.56113e-05
0.185353	3.64337e-05
0.187068	3.72639e-05
0.188799	3.81019e-05
0.190546	3.89476e-05
0.192309	3.9801e-05
0.194089	4.06627e-05
0.195884	4.15317e-05
0.197697	4.24093e-05
0.199526	4.32947e-05
0.201372	4.41883e-05
0.203236	4.50907e-05
0.205116	4.60007e-05
0.207014	4.69195e-05
0.20893	4.7847e-05
0.210863	6.17184e-05
0.212814	9.96234e-05
0.214783	0.000137878
0.21677	0.000176483
0.218776	0.000215456
0.2208	0.00025478
0.222844	0.000294491
0.224905	0.000334534
0.226986	0.000374964
0.229087	0.000415784
0.231206	0.000456953
0.233346	0.00049853
0.235505	0.000540476
0.237684	0.000582811
0.239883	0.000625534
0.242103	0.000668665
0.244343	0.000712185
0.246604	0.000756113
0.248886	0.000800449
0.251189	0.000845193
0.253513	0.000890345
0.255859	0.000935924
0.258226	0.000981911
0.260615	0.00102833
0.263027	0.00107519
0.265461	0.00112248
0.267917	0.00117019
0.270396	0.00121836
0.272898	0.00126697
0.275423	0.00131602
0.277971	0.00136553
0.280543	0.0014155
0.283139	0.00146593
0.285759	0.00151684
0.288403	0.00156821
0.291072	0.00162006
0.293765	0.00167238
0.296483	0.00172519
0.299226	0.00177848
0.301995	0.00183228
0.30479	0.00188658
0.30761	0.00194137
0.310456	0.00200851
0.313329	0.00224761
0.316228	0.00248887
0.319154	0.00273237
0.322107	0.00297813
0.325087	0.00322613
0.328095	0.00347646
0.331131	0.00372912
0.334195	0.00398411
0.337287	0.00424143
0.340408	0.00450117
0.343558	0.00476332
0.346737	0.00502788
0.349945	0.00529485
0.353183	0.00556433
0.356451	0.00583629
0.359749	0.00611076
0.363078	0.0063878
0.366438	0.00666743
0.369828	0.00694955
0.37325	0.00723434
0.376704	0.00752178
0.380189	0.00781181
0.383707	0.00810459
0.387258	0.00840011
0.390841	0.00869829
0.394457	0.00899922
0.398107	0.00930298
0.401791	0.00960957
0.405509	0.00991899
0.409261	0.0102312
0.413047	0.0108366
0.416869	0.0115676
0.420727	0.0123056
0.42462	0.0130502
0.428549	0.0138017
0.432514	0.01456
0.436516	0.0153255
0.440555	0.016098
0.444631	0.0168777
0.448745	0.0176645
0.452898	0.0184589
0.457088	0.0192603
0.461318	0.0200694
0.465586	0.0208857
0.469894	0.0217097
0.474242	0.0225414
0.47863	0.0233806
0.483059	0.0242278
0.487528	0.0250826
0.49204	0.0259456
0.496592	0.0268162
0.501187	0.0276951
0.505825	0.0285822
0.510505	0.0294851
0.515229	0.0310615
0.519996	0.0326522
0.524807	0.0342575
0.529663	0.0358779
0.534564	0.0375133
0.539511	0.039164
0.544503	0.0408298
0.549541	0.0425109
0.554626	0.0442077
0.559758	0.0459202
0.564937	0.0476483
0.570164	0.0493925
0.57544	0.051153
0.580764	0.0529296
0.586138	0.0547228
0.591562	0.0565327
0.597035	0.058359
0.60256	0.0602026
0.608135	0.0620629
0.613762	0.0644066
0.619441	0.0671233
0.625173	0.0698654
0.630957	0.0726323
0.636796	0.0754255
0.642688	0.0782441
0.648634	0.0810885
0.654636	0.0839597
0.660693	0.0868572
0.666807	0.0897819
0.672977	0.0927335
0.679204	0.0957123
0.685488	0.0987184
0.691831	0.101753
0.698232	0.104815
0.704693	0.107906
0.711214	0.111111
0.717794	0.115223
0.724436	0.119373
0.731139	0.123562
0.737904	0.12779
0.744732	0.132057
0.751623	0.136364
0.758578	0.14071
0.765597	0.145097
0.772681	0.149524
0.77983	0.153991
0.787046	0.158501
0.794328	0.163052
0.801678	0.167645
0.809096	0.172281
0.816582	0.177826
0.824138	0.183666
0.831764	0.18956
0.83946	0.195508
0.847227	0.201511
0.855067	0.207571
0.862979	0.213686
0.870964	0.219857
0.879023	0.226086
0.887156	0.232372
0.895365	0.238716
0.903649	0.245119
0.912011	0.251743
0.92045	0.259403
0.928966	0.267133
0.937562	0.274935
0.946237	0.282809
0.954993	0.290757
0.963829	0.298777
0.972747	0.306872
0.981748	0.315042
0.990832	0.323287
1	0.331609
1.00925	0.340005
1.01859	0.349478
1.02802	0.359258
1.03753	0.369122
1.04713	0.379078
1.05682	0.389128
1.0666	0.399272
1.07647	0.409508
1.08643	0.419838
1.09648	0.430262
1.10662	0.440779
1.11686	0.452186
1.1272	0.464295
1.13763	0.47651
1.14815	0.488831
1.15878	0.50128
1.1695	0.513835
1.18032	0.526507
1.19124	0.539296
1.20226	0.552202
1.21339	0.565583
1.22462	0.580416
1.23595	0.595381
1.24738	0.610478
1.25893	0.625734
1.27057	0.641108
1.28233	0.656642
1.2942	0.67232
1.30617	0.68813
1.31826	0.705223
1.33045	0.723256
1.34276	0.741467
1.35519	0.759855
1.36773	0.778406
1.38038	0.797119
1.39316	0.816025
1.40605	0.835094
1.41906	0.855564
1.43219	0.877049
1.44544	0.89873
1.45881	0.920607
1.47231	0.942697
1.48594	0.965
1.49968	0.987483
1.51356	1.01052
1.52757	1.03554
1.5417	1.06076
1.55597	1.08624
1.57036	1.11193
1.58489	1.13787
1.59956	1.16406
1.61436	1.19089
1.6293	1.21961
1.64437	1.24859
1.65959	1.27785
1.67494	1.30737
1.69044	1.33717
1.70608	1.36724
1.72187	1.39894
1.7378	1.43163
1.75388	1.46462
1.77011	1.49793
1.78649	1.53154
1.80302	1.56546
1.8197	1.60067
1.83654	1.63725
1.85353	1.67417
1.87068	1.71143
1.88799	1.74903
1.90546	1.78699
1.92309	1.8266
1.94089	1.86733
1.95884	1.90839
1.97697	1.94987
1.99526	1.99172
2.01372	2.03416
2.03236	2.07882
2.05116	2.12386
2.07014	2.16934
2.0893	2.21525
2.10863	2.26156
2.12814	2.30991
2.14783	2.35903
2.1677	2.4086
2.18776	2.45864
2.208	2.50913
2.22844	2.5617
2.24905	2.6151
2.26986	2.66901
2.29087	2.72344
2.31206	2.77833
2.33346	2.83574
2.35505	2.89365
2.37684	2.9521
2.39883	3.01109
2.42103	3.07137
2.44343	3.1333
2.46604	3.19581
2.48886	3.2589
2.51189	3.32257
2.53513	3.38855
2.55859	3.45519
2.58226	3.52242
2.60615	3.59028
2.63027	3.66009
2.65461	3.731
2.67917	3.80255
2.70396	3.87477
2.72898	3.94882
2.75423	4.02416
2.77971	4.10019
2.80543	4.17693
2.83139	4.25568
2.85759	4.33565
2.88403	4.41635
2.91072	4.49781
2.93765	4.58158
2.96483	4.66624
2.99226	4.75168
3.01995	4.83833
3.04789	4.9269
3.0761	5.01631
3.10456	5.10652
3.13329	5.19862
3.16228	5.29197
3.19154	5.38619
3.22107	5.4817
3.25087	5.57918
3.28095	5.67757
3.31131	5.77688
3.34195	5.87858
3.37287	5.98128
3.40408	6.08495
3.43558	6.19064
3.46737	6.29772
3.49945	6.40578
3.53183	6.51563
3.56451	6.62708
3.59749	6.73955
3.63078	6.85376
3.66438	6.96965
3.69828	7.08658
3.7325	7.20536
3.76704	7.32584
3.80189	7.44741
3.83707	7.57106
3.87258	7.69633
3.90841	7.82274
3.94457	7.95151
3.98107	8.08168
4.01791	8.21322
4.05509	8.34712
4.09261	8.48224
4.13047	8.61909
4.16869	8.75787
4.20727	8.89797
4.2462	9.04021
4.28549	9.18395
4.32514	9.32931
4.36516	9.47679
4.40555	9.62564
4.44631	9.77673
4.48745	9.92947
4.52898	10.084
4.57088	10.2407
4.61318	10.3989
4.65586	10.5595
4.69894	10.7217
4.74242	10.886
4.7863	11.0523
4.83059	11.2204
4.87529	11.3907
4.9204	11.5627
4.96592	11.7371
5.01187	11.9132
5.05825	12.0917
5.10505	12.272
5.15229	12.4546
5.19996	12.6391
5.24807	12.826
5.29663	13.0148
5.34564	13.206
5.39511	13.3994
5.44503	13.595
5.49541	13.7928
5.54626	13.9929
5.59758	14.1953
5.64937	14.4001
5.70164	14.6071
5.7544	14.8166
5.80764	15.0283
5.86138	15.2427
5.91562	15.4591
5.97035	15.6783
6.0256	15.8998
6.08135	16.1238
6.13762	16.3501
6.19441	16.579
6.25173	16.8105
6.30957	17.0443
6.36796	17.281
6.42688	17.52
6.48634	17.7618
6.54636	18.0062
6.60693	18.2531
6.66807	18.503
6.72977	18.7554
6.79204	19.0107
6.85488	19.2687
6.91831	19.5293
6.98232	19.7931
7.04693	20.0595
7.11214	20.3289
7.17794	20.6012
7.24436	20.8764
7.31139	21.1544
7.37904	21.4356
7.44732	21.7198
7.51623	22.0068
7.58578	22.2972
7.65597	22.5904
7.72681	22.8868
7.7983	23.1863
7.87046	23.489
7.94328	23.7948
8.01678	24.1039
8.09096	24.4163
8.16582	24.732
8.24138	25.051
8.31764	25.3733
8.3946	25.6991
8.47227	26.0282
8.55067	26.3607
8.62979	26.6966
8.70964	27.0359
8.79023	27.3786
8.87156	27.7247
8.95365	28.0742
9.03649	28.4272
9.12011	28.7837
9.2045	29.1439
9.28966	29.5078
9.37562	29.8756
9.46237	30.2473
9.54993	30.623
9.63829	31.0029
9.72747	31.3869
9.81748	31.7751
9.90832	32.1676
10	32.5641
10.0925	32.9646
10.1859	33.3694
10.2802	33.7784
10.3753	34.191
10.4713	34.6077
10.5682	35.0284
10.666	35.4533
10.7647	35.8823
10.8643	36.3154
10.9648	36.7528
11.0662	37.1945
11.1686	37.6408
11.272	38.0918
11.3763	38.5472
11.4815	39.0069
11.5878	39.4718
11.695	39.941
11.8032	40.415
11.9124	40.8938
12.0226	41.3773
12.1339	41.8661
12.2462	42.3596
12.3595	42.858
12.4738	43.361
12.5893	43.8697
12.7057	44.3827
12.8233	44.9013
12.942	45.425
13.0617	45.9534
13.1826	46.4874
13.3045	47.0261
13.4277	47.5708
13.5519	48.1205
13.6773	48.6758
13.8038	49.2364
13.9316	49.8034
14.0605	50.3758
14.1906	50.9541
14.3219	51.5382
14.4544	52.1281
14.5881	52.7237
14.7231	53.3254
14.8594	53.933
14.9968	54.5456
15.1356	55.1645
15.2757	55.7891
15.417	56.419
15.5597	57.0553
15.7036	57.697
15.8489	58.3452
15.9956	59
16.1436	59.661
16.293	60.3288
16.4437	61.003
16.5959	61.6845
16.7494	62.3724
16.9044	63.0676
17.0608	63.7696
17.2187	64.4787
17.378	65.1945
17.5388	65.9173
17.7011	66.6472
17.8649	67.3841
18.0302	68.1279
18.197	68.8788
18.3654	69.6372
18.5353	70.4026
18.7068	71.1755
18.8799	71.9559
19.0546	72.7439
19.2309	73.5394
19.4089	74.3429
19.5884	75.1536
19.7697	75.9728
19.9526	76.7995
20.1372	77.6342
20.3236	78.4774
20.5116	79.3282
20.7014	80.1875
20.893	81.0553
21.0863	81.9311
21.2814	82.8153
21.4783	83.7081
21.677	84.6094
21.8776	85.5195
22.08	86.4382
22.2844	87.3662
22.4905	88.3023
22.6986	89.2478
22.9087	90.2027
23.1206	91.1661
23.3346	92.1394
23.5505	93.1218
23.7684	94.1135
23.9883	95.1148
24.2103	96.126
24.4343	97.1466
24.6604	98.1771
24.8886	99.2175
25.1189	100.268
25.3513	101.328
25.5859	102.398
25.8226	103.479
26.0615	104.569
26.3027	105.671
26.5461	106.782
26.7917	107.905
27.0396	109.038
27.2898	110.182
27.5423	111.338
27.7971	112.504
28.0543	113.682
28.3139	114.872
28.5759	116.074
28.8403	117.286
29.1072	118.511
29.3765	119.746
29.6483	120.993
29.9226	122.251
30.1995	123.521
30.4789	124.802
30.761	126.095
31.0456	127.4
31.3329	128.717
31.6228	130.047
31.9154	131.39
32.2107	132.745
32.5087	134.114
32.8095	135.496
33.1131	136.892
33.4195	138.302
33.7287	139.724
34.0408	141.161
34.3558	142.611
34.6737	144.075
34.9945	145.552
35.3183	147.044
35.6451	148.549
35.9749	150.069
36.3078	151.603
36.6438	153.152
36.9828	154.714
37.325	156.292
37.6704	157.885
38.0189	159.493
38.3707	161.116
38.7258	162.755
39.0841	164.409
39.4457	166.078
39.8107	167.764
40.1791	169.465
40.5509	171.183
40.9261	172.916
41.3048	174.667
41.6869	176.433
42.0727	178.217
42.462	180.017
42.8548	181.834
43.2514	183.669
43.6516	185.52
44.0555	187.39
44.4631	189.276
44.8745	191.181
45.2898	193.104
45.7088	195.044
46.1318	197.004
46.5586	198.981
46.9894	200.977
47.4242	202.991
47.863	205.025
48.3059	207.077
48.7528	209.149
49.204	211.241
49.6592	213.351
50.1187	215.482
50.5825	217.634
51.0505	219.805
51.5229	221.997
51.9996	224.21
52.4807	226.444
52.9663	228.698
53.4564	230.974
53.9511	233.272
54.4503	235.591
54.9541	237.932
55.4626	240.295
55.9758	242.681
56.4937	245.088
57.0164	247.518
57.544	249.971
58.0764	252.446
58.6138	254.945
59.1562	257.468
59.7035	260.013
60.256	262.582
60.8135	265.176
61.3762	267.793
61.9441	270.435
62.5173	273.103
63.0957	275.795
63.6796	278.513
64.2688	281.257
64.8634	284.027
65.4636	286.823
66.0694	289.645
66.6807	292.494
67.2977	295.37
67.9204	298.272
68.5488	301.202
69.1831	304.158
69.8232	307.142
70.4693	310.154
71.1214	313.194
71.7794	316.262
72.4436	319.359
73.1139	322.484
73.7904	325.639
74.4732	328.823
75.1623	332.036
75.8578	335.28
76.5597	338.554
77.2681	341.858
77.983	345.194
78.7046	348.561
79.4328	351.96
80.1678	355.391
80.9096	358.854
81.6582	362.349
82.4138	365.878
83.1764	369.44
83.946	373.035
84.7227	376.663
85.5067	380.325
86.2979	384.021
87.0964	387.751
87.9023	391.515
88.7156	395.314
89.5365	399.149
90.3649	403.019
91.2011	406.926
92.045	410.869
92.8967	414.849
93.7562	418.866
94.6237	422.921
95.4993	427.014
96.3829	431.145
97.2747	435.314
98.1748	439.523
99.0832	443.77
