0.1	0.00628297
0.100925	0.00634755
0.101859	0.00641275
0.102802	0.00647858
0.103753	0.00654497
0.104713	0.00661199
0.105682	0.00667964
0.10666	0.00674791
0.107647	0.00681682
0.108643	0.00688635
0.109648	0.00695651
0.110662	0.00752326
0.111686	0.00848277
0.11272	0.00945164
0.113763	0.0104289
0.114815	0.0114147
0.115878	0.0124107
0.11695	0.0134152
0.118032	0.0144291
0.119124	0.0154523
0.120226	0.0164849
0.121339	0.0175278
0.122462	0.0185801
0.123595	0.0196417
0.124738	0.0207127
0.125893	0.021795
0.127057	0.0228856
0.128233	0.0239876
0.12942	0.0250998
0.130617	0.0262214
0.131826	0.0273543
0.133045	0.0284965
0.134277	0.0296509
0.135519	0.0308147
0.136773	0.0319897
0.138038	0.033175
0.139316	0.0343725
0.140605	0.0355803
0.141906	0.0367994
0.143219	0.0380297
0.144544	0.0392712
0.145881	0.040524
0.147231	0.041789
0.148594	0.0430662
0.149968	0.0443536
0.151356	0.0456542
0.152757	0.046967
0.15417	0.048291
0.155597	0.0496281
0.157036	0.0509765
0.158489	0.0523379
0.159956	0.0537125
0.161436	0.0550993
0.16293	0.0564992
0.164437	0.0579113
0.165959	0.0593375
0.167494	0.0607758
0.169044	0.0622281
0.170608	0.0636936
0.172187	0.0651732
0.17378	0.0666659
0.175388	0.0681726
0.177011	0.0696934
0.178649	0.0712282
0.180302	0.0727771
0.18197	0.07434
0.183654	0.075918
0.185353	0.0775099
0.187068	0.0791169
0.188799	0.0807389
0.190546	0.0823759
0.192309	0.0840278
0.194089	0.0856957
0.195884	0.0873777
0.197697	0.0890765
0.199526	0.0907903
0.201372	0.09252
0.203236	0.0942666
0.205116	0.0960282
0.207014	0.0978067
0.20893	0.099602
0.210863	0.101728
0.212814	0.104457
0.214783	0.10721
0.21677	0.109989
0.218776	0.112794
0.2208	0.115625
0.222844	0.118483
0.224905	0.121366
0.226986	0.124276
0.229087	0.127214
0.231206	0.130177
0.233346	0.13317
0.235505	0.136189
0.237684	0.139237
0.239883	0.142312
0.242103	0.145417
0.244343	0.148549
0.246604	0.151711
0.248886	0.154902
0.251189	0.158123
0.253513	0.161373
0.255859	0.164654
0.258226	0.167964
0.260615	0.171305
0.263027	0.174678
0.265461	0.178082
0.267917	0.181517
0.270396	0.184983
0.272898	0.188482
0.275423	0.192014
0.277971	0.195577
0.280543	0.199174
0.283139	0.202804
0.285759	0.206468
0.288403	0.210166
0.291072	0.213898
0.293765	0.217664
0.296483	0.221465
0.299226	0.225301
0.301995	0.229174
0.30479	0.233082
0.30761	0.237026
0.310456	0.241024
0.313329	0.245312
0.316228	0.249639
0.319154	0.254006
0.322107	0.258413
0.325087	0.262861
0.328095	0.267351
0.331131	0.271882
0.334195	0.276455
0.337287	0.28107
0.340408	0.285729
0.343558	0.29043
0.346737	0.295175
0.349945	0.299963
0.353183	0.304796
0.356451	0.309674
0.359749	0.314596
0.363078	0.319565
0.366438	0.32458
0.369828	0.32964
0.37325	0.334747
0.376704	0.339902
0.380189	0.345104
0.383707	0.350355
0.387258	0.355655
0.390841	0.361003
0.394457	0.3664
0.398107	0.371847
0.401791	0.377346
0.405509	0.382895
0.409261	0.388495
0.413047	0.394265
0.416869	0.400139
0.420727	0.406068
0.42462	0.412051
0.428549	0.418089
0.432514	0.424183
0.436516	0.430334
0.440555	0.436541
0.444631	0.442805
0.448745	0.449128
0.452898	0.45551
0.457088	0.46195
0.461318	0.46845
0.465586	0.47501
0.469894	0.48163
0.474242	0.488313
0.47863	0.495056
0.483059	0.501863
0.487528	0.508731
0.49204	0.515665
0.496592	0.522661
0.501187	0.529723
0.505825	0.536851
0.510505	0.544041
0.515229	0.551083
0.519996	0.558189
0.524807	0.565361
0.529663	0.572599
0.534564	0.579905
0.539511	0.587279
0.544503	0.594721
0.549541	0.602231
0.554626	0.609811
0.559758	0.617461
0.564937	0.625182
0.570164	0.632973
0.57544	0.640838
0.580764	0.648775
0.586138	0.656785
0.591562	0.664871
0.597035	0.673029
0.60256	0.681265
0.608135	0.689576
0.613762	0.697911
0.619441	0.706284
0.625173	0.714734
0.630957	0.723262
0.636796	0.73187
0.642688	0.740557
0.648634	0.749323
0.654636	0.758172
0.660693	0.767102
0.666807	0.776115
0.672977	0.785212
0.679204	0.794392
0.685488	0.803657
0.691831	0.813008
0.698232	0.822445
0.704693	0.831971
0.711214	0.841482
0.717794	0.850019
0.724436	0.858637
0.731139	0.867334
0.737904	0.876112
0.744732	0.884972
0.751623	0.893913
0.758578	0.902937
0.765597	0.912044
0.772681	0.921236
0.77983	0.930512
0.787046	0.939874
0.794328	0.949323
0.801678	0.95886
0.809096	0.968484
0.816582	0.979064
0.824138	0.989985
0.831764	1.00101
0.83946	1.01213
0.847227	1.02336
0.855067	1.03469
0.862979	1.04612
0.870964	1.05766
0.879023	1.06931
0.887156	1.08107
0.895365	1.09293
0.903649	1.1049
0.912011	1.1165
0.92045	1.12529
0.928966	1.13415
0.937562	1.14309
0.946237	1.15212
0.954993	1.16123
0.963829	1.17043
0.972747	1.17971
0.981748	1.18908
0.990832	1.19853
1	1.20807
1.00925	1.2177
1.01859	1.22758
1.02802	1.23759
1.03753	1.24769
1.04713	1.25788
1.05682	1.26816
1.0666	1.27854
1.07647	1.28902
1.08643	1.29959
1.09648	1.31026
1.10662	1.32103
1.11686	1.33121
1.1272	1.34097
1.13763	1.35081
1.14815	1.36074
1.15878	1.37078
1.1695	1.3809
1.18032	1.39111
1.19124	1.40142
1.20226	1.41182
1.21339	1.42231
1.22462	1.43283
1.23595	1.44344
1.24738	1.45415
1.25893	1.46497
1.27057	1.47587
1.28233	1.48688
1.2942	1.498
1.30617	1.50921
1.31826	1.5212
1.33045	1.53376
1.34276	1.54644
1.35519	1.55925
1.36773	1.57217
1.38038	1.5852
1.39316	1.59837
1.40605	1.61165
1.41906	1.62239
1.43219	1.63143
1.44544	1.64055
1.45881	1.64975
1.47231	1.65904
1.48594	1.66842
1.49968	1.67788
1.51356	1.68785
1.52757	1.70011
1.5417	1.71247
1.55597	1.72496
1.57036	1.73755
1.58489	1.75026
1.59956	1.7631
1.61436	1.77485
1.6293	1.78178
1.64437	1.78876
1.65959	1.79582
1.67494	1.80293
1.69044	1.81011
1.70608	1.81736
1.72187	1.82779
1.7378	1.83996
1.75388	1.85225
1.77011	1.86466
1.78649	1.87717
1.80302	1.88981
1.8197	1.90176
1.83654	1.91298
1.85353	1.9243
1.87068	1.93572
1.88799	1.94725
1.90546	1.95889
1.92309	1.96922
1.94089	1.97886
1.95884	1.98858
1.97697	1.99841
1.99526	2.00832
2.01372	2.01803
2.03236	2.02539
2.05116	2.0328
2.07014	2.04029
2.0893	2.04784
2.10863	2.05547
2.12814	2.06802
2.14783	2.08167
2.1677	2.09544
2.18776	2.10935
2.208	2.12338
2.22844	2.12827
2.24905	2.13093
2.26986	2.13362
2.29087	2.13634
2.31206	2.13908
2.33346	2.14883
2.35505	2.15867
2.37684	2.1686
2.39883	2.17862
2.42103	2.18777
2.44343	2.19556
2.46604	2.20341
2.48886	2.21134
2.51189	2.21934
2.53513	2.22922
2.55859	2.23922
2.58226	2.24931
2.60615	2.25949
2.63027	2.2677
2.65461	2.27526
2.67917	2.28288
2.70396	2.29058
2.72898	2.29818
2.75423	2.30576
2.77971	2.31341
2.80543	2.32113
2.83139	2.32907
2.85759	2.33713
2.88403	2.34527
2.91072	2.35348
2.93765	2.35869
2.96483	2.36372
2.99226	2.36879
3.01995	2.37591
3.04789	2.3888
3.0761	2.40181
3.10456	2.41494
3.13329	2.4249
3.16228	2.43361
3.19154	2.4424
3.22107	2.45111
3.25087	2.45948
3.28095	2.46792
3.31131	2.47644
3.34195	2.48032
3.37287	2.48396
3.40408	2.48764
3.43558	2.49216
3.46737	2.49705
3.49945	2.50199
3.53183	2.51043
3.56451	2.5215
3.59749	2.53267
3.63078	2.54446
3.66438	2.55682
3.69828	2.56929
3.7325	2.57702
3.76704	2.58097
3.80189	2.58495
3.83707	2.58714
3.87258	2.58844
3.90841	2.58975
3.94457	2.59549
3.98107	2.60201
4.01791	2.6093
4.05509	2.62212
4.09261	2.63506
4.13047	2.64606
4.16869	2.65454
4.20727	2.66311
4.2462	2.6671
4.28549	2.6702
4.32514	2.67382
4.36516	2.67873
4.40555	2.6837
4.44631	2.69076
4.48745	2.69843
4.52898	2.70679
4.57088	2.71632
4.61318	2.72594
4.65586	2.73598
4.69894	2.74613
4.74242	2.7537
4.7863	2.75988
4.83059	2.7633
4.87529	2.76185
4.9204	2.76047
4.96592	2.75962
5.01187	2.75876
5.05825	2.76542
5.10505	2.7726
5.15229	2.78309
5.19996	2.79451
5.24807	2.80549
5.29663	2.81634
5.34564	2.8248
5.39511	2.83186
5.44503	2.83569
5.49541	2.83738
5.54626	2.83638
5.59758	2.83368
5.64937	2.83025
5.70164	2.82644
5.7544	2.8269
5.80764	2.82886
5.86138	2.83832
5.91562	2.84913
5.97035	2.86163
6.0256	2.87331
6.08135	2.88095
6.13762	2.88705
6.19441	2.89072
6.25173	2.89363
6.30957	2.89611
6.36796	2.89948
6.42688	2.90353
6.48634	2.90994
6.54636	2.91756
6.60693	2.92636
6.66807	2.93378
6.72977	2.93997
6.79204	2.94251
6.85488	2.94362
6.91831	2.94388
6.98232	2.94566
7.04693	2.94899
7.11214	2.95408
7.17794	2.96131
7.24436	2.9692
7.31139	2.97779
7.37904	2.9868
7.44732	2.99584
7.51623	3.00487
7.58578	3.01292
7.65597	3.01931
7.72681	3.02362
7.7983	3.02333
7.87046	3.01911
7.94328	3.01328
8.01678	3.00703
8.09096	3.00544
8.16582	3.00819
8.24138	3.01434
8.31764	3.02273
8.3946	3.03034
8.47227	3.03582
8.55067	3.03954
8.62979	3.04193
8.70964	3.04369
8.79023	3.04569
8.87156	3.04793
8.95365	3.05036
9.03649	3.0529
9.12011	3.05548
9.2045	3.05806
9.28966	3.06061
9.37562	3.06312
9.46237	3.06579
9.54993	3.06914
9.63829	3.07389
9.72747	3.08079
9.81748	3.09044
9.90832	3.10175
10	3.1128
10.0925	3.12187
10.1859	3.12798
10.2802	3.13156
10.3753	3.13365
10.4713	3.13546
10.5682	3.13783
10.666	3.1409
10.7647	3.14436
10.8643	3.14788
10.9648	3.15121
11.0662	3.15431
11.1686	3.15725
11.272	3.16015
11.3763	3.16306
11.4815	3.166
11.5878	3.16896
11.695	3.1719
11.8032	3.17481
11.9124	3.17769
12.0226	3.18054
12.1339	3.18336
12.2462	3.18616
12.3595	3.18893
12.4738	3.19169
12.5893	3.19442
12.7057	3.19712
12.8233	3.19979
12.942	3.20244
13.0617	3.20507
13.1826	3.20767
13.3045	3.21026
13.4277	3.21283
13.5519	3.21537
13.6773	3.2179
13.8038	3.22041
13.9316	3.2229
14.0605	3.22537
14.1906	3.22782
14.3219	3.23027
14.4544	3.23269
14.5881	3.23509
14.7231	3.23747
14.8594	3.23983
14.9968	3.24217
15.1356	3.24447
15.2757	3.24674
15.417	3.24899
15.5597	3.25121
15.7036	3.25342
15.8489	3.25562
15.9956	3.25781
16.1436	3.25999
16.293	3.26214
16.4437	3.26426
16.5959	3.26636
16.7494	3.26847
16.9044	3.27063
17.0608	3.27284
17.2187	3.27504
17.378	3.27709
17.5388	3.27889
17.7011	3.2803
17.8649	3.28148
18.0302	3.28267
18.197	3.28417
18.3654	3.28621
18.5353	3.28872
18.7068	3.29146
18.8799	3.29413
19.0546	3.29648
19.2309	3.29848
19.4089	3.30023
19.5884	3.30188
19.7697	3.30355
19.9526	3.30527
20.1372	3.30702
20.3236	3.30877
20.5116	3.31049
20.7014	3.31218
20.893	3.31385
21.0863	3.31552
21.2814	3.3172
21.4783	3.3189
21.677	3.32059
21.8776	3.32227
22.08	3.32392
22.2844	3.32553
22.4905	3.32713
22.6986	3.32871
22.9087	3.3303
23.1206	3.33188
23.3346	3.33345
23.5505	3.33499
23.7684	3.3365
23.9883	3.33797
24.2103	3.33943
24.4343	3.34087
24.6604	3.34231
24.8886	3.34375
25.1189	3.34519
25.3513	3.34662
25.5859	3.34802
25.8226	3.3494
26.0615	3.35077
26.3027	3.35216
26.5461	3.35358
26.7917	3.35502
27.0396	3.35644
27.2898	3.35782
27.5423	3.35912
27.7971	3.36033
28.0543	3.3615
28.3139	3.36266
28.5759	3.36385
28.8403	3.36509
29.1072	3.36636
29.3765	3.36767
29.6483	3.369
29.9226	3.37033
30.1995	3.37164
30.4789	3.3729
30.761	3.37407
31.0456	3.37518
31.3329	3.37625
31.6228	3.37733
31.9154	3.37847
32.2107	3.37967
32.5087	3.38085
32.8095	3.38196
33.1131	3.38292
33.4195	3.3838
33.7287	3.3848
34.0408	3.38614
34.3558	3.38805
34.6737	3.39044
34.9945	3.39288
35.3183	3.3949
35.6451	3.39601
35.9749	3.39613
36.3078	3.39569
36.6438	3.39517
36.9828	3.39507
37.325	3.39558
37.6704	3.39654
38.0189	3.39774
38.3707	3.39898
38.7258	3.40014
39.0841	3.40121
39.4457	3.40221
39.8107	3.40317
40.1791	3.40408
40.5509	3.40498
40.9261	3.40585
41.3048	3.40672
41.6869	3.4076
42.0727	3.40847
42.462	3.40932
42.8548	3.41017
43.2514	3.411
43.6516	3.41182
44.0555	3.41265
44.4631	3.41351
44.8745	3.41437
45.2898	3.41519
45.7088	3.41594
46.1318	3.41656
46.5586	3.41706
46.9894	3.41754
47.4242	3.41809
47.863	3.41884
48.3059	3.41981
48.7528	3.42091
49.204	3.42203
49.6592	3.42304
50.1187	3.42388
50.5825	3.42459
51.0505	3.42524
51.5229	3.42589
51.9996	3.42656
52.4807	3.42727
52.9663	3.42797
53.4564	3.42868
53.9511	3.42936
54.4503	3.43004
54.9541	3.43071
55.4626	3.43137
55.9758	3.43204
56.4937	3.43272
57.0164	3.4334
57.544	3.43409
58.0764	3.43479
58.6138	3.43546
59.1562	3.43612
59.7035	3.43672
60.256	3.43728
60.8135	3.43781
61.3762	3.43836
61.9441	3.43894
62.5173	3.43959
63.0957	3.44026
63.6796	3.44092
64.2688	3.44152
64.8634	3.44203
65.4636	3.44252
66.0694	3.44302
66.6807	3.44361
67.2977	3.44428
67.9204	3.44491
68.5488	3.44533
69.1831	3.44537
69.8232	3.44498
70.4693	3.44445
71.1214	3.44412
71.7794	3.44437
72.4436	3.44539
73.1139	3.44691
73.7904	3.44856
74.4732	3.44996
75.1623	3.45083
75.8578	3.45129
76.5597	3.45153
77.2681	3.45176
77.983	3.45213
78.7046	3.4526
79.4328	3.45314
80.1678	3.45368
80.9096	3.45418
81.6582	3.45464
82.4138	3.45507
83.1764	3.4555
83.946	3.45593
84.7227	3.45636
85.5067	3.45681
86.2979	3.45726
87.0964	3.45771
87.9023	3.45816
88.7156	3.45859
89.5365	3.45899
90.3649	3.45936
91.2011	3.45971
92.045	3.46006
92.8967	3.46044
93.7562	3.46086
94.6237	3.4613
95.4993	3.46177
96.3829	3.46222
97.2747	3.46266
98.1748	3.46305
99.0832	3.46337
