0.1	0
0.100925	0
0.101859	0
0.102802	0
0.103753	0
0.104713	0
0.105682	0
0.10666	0
0.107647	0
0.108643	0
0.109648	0
0.110662	5.75912e-07
0.111686	1.60708e-06
0.11272	2.64831e-06
0.113763	3.69861e-06
0.114815	4.75797e-06
0.115878	5.82841e-06
0.11695	6.90791e-06
0.118032	7.99748e-06
0.119124	9.09713e-06
0.120226	1.02068e-05
0.121339	1.13276e-05
0.122462	1.24585e-05
0.123595	1.35994e-05
0.124738	1.47504e-05
0.125893	1.59135e-05
0.127057	1.70856e-05
0.128233	1.82699e-05
0.12942	1.94652e-05
0.130617	2.06705e-05
0.131826	2.1888e-05
0.133045	2.31155e-05
0.134277	2.43562e-05
0.135519	2.56069e-05
0.136773	2.68696e-05
0.138038	2.81435e-05
0.139316	2.94304e-05
0.140605	3.07284e-05
0.141906	3.20385e-05
0.143219	3.33607e-05
0.144544	3.4695e-05
0.145881	3.60414e-05
0.147231	3.74008e-05
0.148594	3.87733e-05
0.149968	4.0157e-05
0.151356	4.15547e-05
0.152757	4.29655e-05
0.15417	4.43884e-05
0.155597	4.58253e-05
0.157036	4.72744e-05
0.158489	4.87376e-05
0.159956	5.02149e-05
0.161436	5.17052e-05
0.16293	5.32097e-05
0.164437	5.47272e-05
0.165959	5.62599e-05
0.167494	5.78056e-05
0.169044	5.93664e-05
0.170608	6.09414e-05
0.172187	6.25314e-05
0.17378	6.41356e-05
0.175388	6.57548e-05
0.177011	6.73892e-05
0.178649	6.90387e-05
0.180302	7.07032e-05
0.18197	7.23829e-05
0.183654	7.40787e-05
0.185353	7.57896e-05
0.187068	7.75166e-05
0.188799	7.92597e-05
0.190546	8.10189e-05
0.192309	8.27942e-05
0.194089	8.45867e-05
0.195884	8.63943e-05
0.197697	8.82199e-05
0.199526	9.00617e-05
0.201372	9.19207e-05
0.203236	9.37977e-05
0.205116	9.56909e-05
0.207014	9.76021e-05
0.20893	9.95315e-05
0.210863	0.000166761
0.212814	0.000355257
0.214783	0.000545492
0.21677	0.000737466
0.218776	0.000931276
0.2208	0.00112683
0.222844	0.00132431
0.224905	0.00152343
0.226986	0.00172449
0.229087	0.00192747
0.231206	0.0021322
0.233346	0.00233896
0.235505	0.00254755
0.237684	0.00275807
0.239883	0.00297053
0.242103	0.00318502
0.244343	0.00340143
0.246604	0.00361988
0.248886	0.00384036
0.251189	0.00406286
0.253513	0.00428739
0.255859	0.00451405
0.258226	0.00474274
0.260615	0.00497355
0.263027	0.00520659
0.265461	0.00544175
0.267917	0.00567904
0.270396	0.00591855
0.272898	0.00616028
0.275423	0.00640423
0.277971	0.00665041
0.280543	0.0068989
0.283139	0.00714971
0.285759	0.00740284
0.288403	0.00765829
0.291072	0.00791616
0.293765	0.00817634
0.296483	0.00843894
0.299226	0.00870396
0.301995	0.00897149
0.30479	0.00924152
0.30761	0.00951398
0.310456	0.00994057
0.313329	0.0125636
0.316228	0.0152103
0.319154	0.0178817
0.322107	0.0205778
0.325087	0.0232985
0.328095	0.0260448
0.331131	0.0288166
0.334195	0.031614
0.337287	0.034437
0.340408	0.0372864
0.343558	0.0401623
0.346737	0.0430647
0.349945	0.0459936
0.353183	0.0489498
0.356451	0.0519335
0.359749	0.0549445
0.363078	0.0579838
0.366438	0.0610515
0.369828	0.0641465
0.37325	0.0672708
0.376704	0.0704242
0.380189	0.073606
0.383707	0.0768179
0.387258	0.0800599
0.390841	0.0833311
0.394457	0.0866325
0.398107	0.0899649
0.401791	0.0933284
0.405509	0.0967229
0.409261	0.100148
0.413047	0.106304
0.416869	0.113634
0.420727	0.121033
0.42462	0.128498
0.428549	0.136033
0.432514	0.143637
0.436516	0.151312
0.440555	0.159058
0.444631	0.166874
0.448745	0.174764
0.452898	0.182728
0.457088	0.190764
0.461318	0.198876
0.465586	0.20706
0.469894	0.215322
0.474242	0.22366
0.47863	0.232075
0.483059	0.240569
0.487528	0.24914
0.49204	0.257792
0.496592	0.266522
0.501187	0.275334
0.505825	0.284228
0.510505	0.293231
0.515229	0.304662
0.519996	0.316198
0.524807	0.327839
0.529663	0.33959
0.534564	0.35145
0.539511	0.363421
0.544503	0.375501
0.549541	0.387692
0.554626	0.399997
0.559758	0.412415
0.564937	0.424948
0.570164	0.437596
0.57544	0.450363
0.580764	0.463247
0.586138	0.476251
0.591562	0.489376
0.597035	0.50262
0.60256	0.515989
0.608135	0.52948
0.613762	0.543902
0.619441	0.559064
0.625173	0.574368
0.630957	0.58981
0.636796	0.6054
0.642688	0.621131
0.648634	0.637006
0.654636	0.65303
0.660693	0.669202
0.666807	0.685525
0.672977	0.701998
0.679204	0.718624
0.685488	0.735401
0.691831	0.752336
0.698232	0.769426
0.704693	0.786676
0.711214	0.804206
0.717794	0.823124
0.724436	0.84222
0.731139	0.861492
0.737904	0.880941
0.744732	0.900572
0.751623	0.920384
0.758578	0.940381
0.765597	0.960561
0.772681	0.980928
0.77983	1.00148
0.787046	1.02223
0.794328	1.04316
0.801678	1.0643
0.809096	1.08562
0.816582	1.10838
0.824138	1.1317
0.831764	1.15523
0.83946	1.17898
0.847227	1.20295
0.855067	1.22714
0.862979	1.25156
0.870964	1.2762
0.879023	1.30107
0.887156	1.32617
0.895365	1.3515
0.903649	1.37707
0.912011	1.40308
0.92045	1.4306
0.928966	1.45837
0.937562	1.4864
0.946237	1.51468
0.954993	1.54323
0.963829	1.57205
0.972747	1.60112
0.981748	1.63047
0.990832	1.66009
1	1.68999
1.00925	1.72015
1.01859	1.75184
1.02802	1.7841
1.03753	1.81663
1.04713	1.84947
1.05682	1.88262
1.0666	1.91608
1.07647	1.94984
1.08643	1.98391
1.09648	2.01829
1.10662	2.05298
1.11686	2.08855
1.1272	2.12487
1.13763	2.1615
1.14815	2.19845
1.15878	2.23579
1.1695	2.27344
1.18032	2.31144
1.19124	2.3498
1.20226	2.3885
1.21339	2.4276
1.22462	2.46707
1.23595	2.5069
1.24738	2.54707
1.25893	2.58767
1.27057	2.62859
1.28233	2.66992
1.2942	2.71164
1.30617	2.75372
1.31826	2.79587
1.33045	2.83812
1.34276	2.88078
1.35519	2.92386
1.36773	2.96733
1.38038	3.01117
1.39316	3.05547
1.40605	3.10014
1.41906	3.14461
1.43219	3.18906
1.44544	3.23392
1.45881	3.27919
1.47231	3.32489
1.48594	3.37104
1.49968	3.41755
1.51356	3.46433
1.52757	3.51037
1.5417	3.55681
1.55597	3.6037
1.57036	3.65099
1.58489	3.69875
1.59956	3.74696
1.61436	3.79527
1.6293	3.84271
1.64437	3.89056
1.65959	3.93889
1.67494	3.98763
1.69044	4.03685
1.70608	4.08651
1.72187	4.13545
1.7378	4.18418
1.75388	4.23336
1.77011	4.28301
1.78649	4.33311
1.80302	4.38367
1.8197	4.43374
1.83654	4.48325
1.85353	4.53321
1.87068	4.58364
1.88799	4.63454
1.90546	4.68591
1.92309	4.73641
1.94089	4.78666
1.95884	4.83732
1.97697	4.8885
1.99526	4.94013
2.01372	4.99202
2.03236	5.0425
2.05116	5.09342
2.07014	5.14482
2.0893	5.19671
2.10863	5.24907
2.12814	5.3001
2.14783	5.35124
2.1677	5.40284
2.18776	5.45494
2.208	5.50751
2.22844	5.55884
2.24905	5.61017
2.26986	5.662
2.29087	5.71433
2.31206	5.76711
2.33346	5.81824
2.35505	5.86982
2.37684	5.92188
2.39883	5.97442
2.42103	6.0266
2.44343	6.07795
2.46604	6.12978
2.48886	6.18209
2.51189	6.23488
2.53513	6.28605
2.55859	6.33767
2.58226	6.38975
2.60615	6.44232
2.63027	6.49383
2.65461	6.54527
2.67917	6.59718
2.70396	6.64957
2.72898	6.70108
2.75423	6.75235
2.77971	6.80409
2.80543	6.85632
2.83139	6.90756
2.85759	6.95872
2.88403	7.01035
2.91072	7.06247
2.93765	7.11321
2.96483	7.16428
2.99226	7.21581
3.01995	7.26733
3.04789	7.31786
3.0761	7.36889
3.10456	7.42036
3.13329	7.47096
3.16228	7.52148
3.19154	7.57246
3.22107	7.6234
3.25087	7.67346
3.28095	7.72398
3.31131	7.77498
3.34195	7.82472
3.37287	7.87481
3.40408	7.92537
3.43558	7.97514
3.46737	8.02484
3.49945	8.075
3.53183	8.12463
3.56451	8.17398
3.59749	8.22379
3.63078	8.27316
3.66438	8.32219
3.69828	8.37166
3.7325	8.42066
3.76704	8.46939
3.80189	8.51856
3.83707	8.56711
3.87258	8.61557
3.90841	8.66448
3.94457	8.71247
3.98107	8.76069
4.01791	8.80918
4.05509	8.85675
4.09261	8.90476
4.13047	8.95253
4.16869	8.99992
4.20727	9.04774
4.2462	9.09478
4.28549	9.142
4.32514	9.18924
4.36516	9.2359
4.40555	9.28298
4.44631	9.32938
4.48745	9.37592
4.52898	9.42241
4.57088	9.46842
4.61318	9.51488
4.65586	9.56044
4.69894	9.60639
4.74242	9.65192
4.7863	9.69741
4.83059	9.74284
4.87529	9.78789
4.9204	9.83318
4.96592	9.87779
5.01187	9.92282
5.05825	9.96711
5.10505	10.0117
5.15229	10.0558
5.19996	10.1001
5.24807	10.1439
5.29663	10.1878
5.34564	10.2313
5.39511	10.2749
5.44503	10.3181
5.49541	10.3613
5.54626	10.4043
5.59758	10.4472
5.64937	10.4898
5.70164	10.5324
5.7544	10.5746
5.80764	10.6169
5.86138	10.6587
5.91562	10.7008
5.97035	10.7423
6.0256	10.7839
6.08135	10.8251
6.13762	10.8664
6.19441	10.9074
6.25173	10.9481
6.30957	10.9889
6.36796	11.0293
6.42688	11.0697
6.48634	11.1098
6.54636	11.1498
6.60693	11.1897
6.66807	11.2292
6.72977	11.2688
6.79204	11.308
6.85488	11.3471
6.91831	11.3862
6.98232	11.4248
7.04693	11.4634
7.11214	11.502
7.17794	11.5401
7.24436	11.5782
7.31139	11.6162
7.37904	11.6538
7.44732	11.6914
7.51623	11.7289
7.58578	11.766
7.65597	11.803
7.72681	11.8399
7.7983	11.8766
7.87046	11.913
7.94328	11.9494
8.01678	11.9857
8.09096	12.0216
8.16582	12.0573
8.24138	12.093
8.31764	12.1285
8.3946	12.1638
8.47227	12.1988
8.55067	12.2338
8.62979	12.2686
8.70964	12.3032
8.79023	12.3375
8.87156	12.3718
8.95365	12.4058
9.03649	12.4398
9.12011	12.4735
9.2045	12.507
9.28966	12.5404
9.37562	12.5735
9.46237	12.6066
9.54993	12.6394
9.63829	12.6721
9.72747	12.7046
9.81748	12.737
9.90832	12.7691
10	12.8011
10.0925	12.8329
10.1859	12.8645
10.2802	12.896
10.3753	12.9273
10.4713	12.9584
10.5682	12.9894
10.666	13.0202
10.7647	13.0508
10.8643	13.0813
10.9648	13.1115
11.0662	13.1416
11.1686	13.1716
11.272	13.2014
11.3763	13.231
11.4815	13.2604
11.5878	13.2897
11.695	13.3188
11.8032	13.3478
11.9124	13.3766
12.0226	13.4052
12.1339	13.4336
12.2462	13.4619
12.3595	13.49
12.4738	13.518
12.5893	13.5458
12.7057	13.5734
12.8233	13.6009
12.942	13.6282
13.0617	13.6553
13.1826	13.6823
13.3045	13.7092
13.4277	13.7359
13.5519	13.7624
13.6773	13.7887
13.8038	13.8149
13.9316	13.841
14.0605	13.8668
14.1906	13.8926
14.3219	13.9182
14.4544	13.9435
14.5881	13.9688
14.7231	13.9939
14.8594	14.0189
14.9968	14.0437
15.1356	14.0683
15.2757	14.0928
15.417	14.1172
15.5597	14.1414
15.7036	14.1654
15.8489	14.1893
15.9956	14.213
16.1436	14.2366
16.293	14.2601
16.4437	14.2834
16.5959	14.3065
16.7494	14.3295
16.9044	14.3524
17.0608	14.3751
17.2187	14.3977
17.378	14.4201
17.5388	14.4424
17.7011	14.4645
17.8649	14.4865
18.0302	14.5084
18.197	14.5301
18.3654	14.5517
18.5353	14.5732
18.7068	14.5945
18.8799	14.6156
19.0546	14.6366
19.2309	14.6575
19.4089	14.6783
19.5884	14.6989
19.7697	14.7194
19.9526	14.7397
20.1372	14.7599
20.3236	14.78
20.5116	14.8
20.7014	14.8198
20.893	14.8395
21.0863	14.859
21.2814	14.8784
21.4783	14.8977
21.677	14.9169
21.8776	14.9359
22.08	14.9548
22.2844	14.9736
22.4905	14.9923
22.6986	15.0108
22.9087	15.0292
23.1206	15.0475
23.3346	15.0656
23.5505	15.0837
23.7684	15.1016
23.9883	15.1194
24.2103	15.137
24.4343	15.1546
24.6604	15.172
24.8886	15.1893
25.1189	15.2065
25.3513	15.2236
25.5859	15.2405
25.8226	15.2574
26.0615	15.2741
26.3027	15.2907
26.5461	15.3072
26.7917	15.3236
27.0396	15.3398
27.2898	15.356
27.5423	15.372
27.7971	15.3879
28.0543	15.4037
28.3139	15.4194
28.5759	15.435
28.8403	15.4505
29.1072	15.4659
29.3765	15.4812
29.6483	15.4963
29.9226	15.5114
30.1995	15.5263
30.4789	15.5412
30.761	15.5559
31.0456	15.5705
31.3329	15.5851
31.6228	15.5995
31.9154	15.6138
32.2107	15.628
32.5087	15.6421
32.8095	15.6561
33.1131	15.6701
33.4195	15.6839
33.7287	15.6976
34.0408	15.7112
34.3558	15.7247
34.6737	15.7382
34.9945	15.7515
35.3183	15.7647
35.6451	15.7779
35.9749	15.7909
36.3078	15.8038
36.6438	15.8167
36.9828	15.8295
37.325	15.8421
37.6704	15.8547
38.0189	15.8672
38.3707	15.8796
38.7258	15.8919
39.0841	15.9041
39.4457	15.9162
39.8107	15.9283
40.1791	15.9402
40.5509	15.9521
40.9261	15.9638
41.3048	15.9755
41.6869	15.9871
42.0727	15.9986
42.462	16.0101
42.8548	16.0214
43.2514	16.0327
43.6516	16.0439
44.0555	16.055
44.4631	16.066
44.8745	16.0769
45.2898	16.0878
45.7088	16.0985
46.1318	16.1092
46.5586	16.1198
46.9894	16.1304
47.4242	16.1408
47.863	16.1512
48.3059	16.1615
48.7528	16.1717
49.204	16.1819
49.6592	16.1919
50.1187	16.2019
50.5825	16.2119
51.0505	16.2217
51.5229	16.2315
51.9996	16.2412
52.4807	16.2508
52.9663	16.2603
53.4564	16.2698
53.9511	16.2792
54.4503	16.2886
54.9541	16.2978
55.4626	16.307
55.9758	16.3162
56.4937	16.3252
57.0164	16.3342
57.544	16.3431
58.0764	16.352
58.6138	16.3608
59.1562	16.3695
59.7035	16.3782
60.256	16.3868
60.8135	16.3953
61.3762	16.4037
61.9441	16.4121
62.5173	16.4205
63.0957	16.4287
63.6796	16.4369
64.2688	16.4451
64.8634	16.4532
65.4636	16.4612
66.0694	16.4691
66.6807	16.477
67.2977	16.4849
67.9204	16.4926
68.5488	16.5003
69.1831	16.508
69.8232	16.5156
70.4693	16.5231
71.1214	16.5306
71.7794	16.538
72.4436	16.5454
73.1139	16.5527
73.7904	16.56
74.4732	16.5672
75.1623	16.5743
75.8578	16.5814
76.5597	16.5884
77.2681	16.5954
77.983	16.6023
78.7046	16.6092
79.4328	16.616
80.1678	16.6228
80.9096	16.6295
81.6582	16.6361
82.4138	16.6427
83.1764	16.6493
83.946	16.6558
84.7227	16.6622
85.5067	16.6686
86.2979	16.675
87.0964	16.6813
87.9023	16.6875
88.7156	16.6937
89.5365	16.6999
90.3649	16.706
91.2011	16.7121
92.045	16.7181
92.8967	16.7241
93.7562	16.73
94.6237	16.7358
95.4993	16.7417
96.3829	16.7475
97.2747	16.7532
98.1748	16.7589
99.0832	16.7645
