0.1	0.240916
0.100925	0.243382
0.101859	0.245872
0.102802	0.248386
0.103753	0.250921
0.104713	0.253481
0.105682	0.256064
0.10666	0.258671
0.107647	0.261303
0.108643	0.263958
0.109648	0.266638
0.110662	0.27104
0.111686	0.276812
0.11272	0.28264
0.113763	0.288519
0.114815	0.294449
0.115878	0.300441
0.11695	0.306484
0.118032	0.312583
0.119124	0.318738
0.120226	0.32495
0.121339	0.331223
0.122462	0.337553
0.123595	0.34394
0.124738	0.350382
0.125893	0.356893
0.127057	0.363454
0.128233	0.370083
0.12942	0.376774
0.130617	0.383521
0.131826	0.390335
0.133045	0.397207
0.134277	0.404151
0.135519	0.411152
0.136773	0.41822
0.138038	0.425351
0.139316	0.432555
0.140605	0.43982
0.141906	0.447154
0.143219	0.454555
0.144544	0.462023
0.145881	0.46956
0.147231	0.477169
0.148594	0.484852
0.149968	0.492597
0.151356	0.500421
0.152757	0.508318
0.15417	0.516282
0.155597	0.524326
0.157036	0.532437
0.158489	0.540627
0.159956	0.548896
0.161436	0.557239
0.16293	0.56566
0.164437	0.574155
0.165959	0.582734
0.167494	0.591386
0.169044	0.600123
0.170608	0.608939
0.172187	0.617839
0.17378	0.626818
0.175388	0.635882
0.177011	0.645031
0.178649	0.654264
0.180302	0.663581
0.18197	0.672983
0.183654	0.682475
0.185353	0.692052
0.187068	0.701719
0.188799	0.711476
0.190546	0.721324
0.192309	0.731261
0.194089	0.741294
0.195884	0.751412
0.197697	0.761632
0.199526	0.771941
0.201372	0.782347
0.203236	0.792854
0.205116	0.803451
0.207014	0.814149
0.20893	0.824949
0.210863	0.835707
0.212814	0.84631
0.214783	0.857011
0.21677	0.867809
0.218776	0.878711
0.2208	0.889711
0.222844	0.90082
0.224905	0.91202
0.226986	0.92333
0.229087	0.934748
0.231206	0.946264
0.233346	0.957895
0.235505	0.969628
0.237684	0.98147
0.239883	0.993421
0.242103	1.00549
0.244343	1.01766
0.246604	1.02995
0.248886	1.04235
0.251189	1.05487
0.253513	1.0675
0.255859	1.08025
0.258226	1.09311
0.260615	1.10609
0.263027	1.1192
0.265461	1.13243
0.267917	1.14578
0.270396	1.15925
0.272898	1.17285
0.275423	1.18657
0.277971	1.20042
0.280543	1.21439
0.283139	1.2285
0.285759	1.24274
0.288403	1.25711
0.291072	1.27162
0.293765	1.28625
0.296483	1.30102
0.299226	1.31593
0.301995	1.33098
0.30479	1.34617
0.30761	1.36149
0.310456	1.37692
0.313329	1.3919
0.316228	1.40702
0.319154	1.42228
0.322107	1.43768
0.325087	1.45322
0.328095	1.46891
0.331131	1.48474
0.334195	1.50072
0.337287	1.51685
0.340408	1.53312
0.343558	1.54955
0.346737	1.56613
0.349945	1.58286
0.353183	1.59974
0.356451	1.61679
0.359749	1.63399
0.363078	1.65135
0.366438	1.66887
0.369828	1.68655
0.37325	1.7044
0.376704	1.72241
0.380189	1.74058
0.383707	1.75893
0.387258	1.77745
0.390841	1.79613
0.394457	1.81499
0.398107	1.83403
0.401791	1.85324
0.405509	1.87263
0.409261	1.89219
0.413047	1.91287
0.416869	1.93413
0.420727	1.95558
0.42462	1.97723
0.428549	1.99908
0.432514	2.02113
0.436516	2.04339
0.440555	2.06585
0.444631	2.08852
0.448745	2.1114
0.452898	2.1345
0.457088	2.1578
0.461318	2.18133
0.465586	2.20506
0.469894	2.22902
0.474242	2.2532
0.47863	2.27761
0.483059	2.30224
0.487528	2.32709
0.49204	2.35219
0.496592	2.3775
0.501187	2.40306
0.505825	2.42885
0.510505	2.45489
0.515229	2.48185
0.519996	2.50906
0.524807	2.53652
0.529663	2.56424
0.534564	2.59222
0.539511	2.62046
0.544503	2.64895
0.549541	2.67771
0.554626	2.70673
0.559758	2.73603
0.564937	2.76559
0.570164	2.79543
0.57544	2.82554
0.580764	2.85593
0.586138	2.88661
0.591562	2.91757
0.597035	2.94881
0.60256	2.98035
0.608135	3.01217
0.613762	3.0444
0.619441	3.07701
0.625173	3.10993
0.630957	3.14314
0.636796	3.17667
0.642688	3.2105
0.648634	3.24464
0.654636	3.27911
0.660693	3.31389
0.666807	3.349
0.672977	3.38443
0.679204	3.42018
0.685488	3.45627
0.691831	3.49269
0.698232	3.52945
0.704693	3.56655
0.711214	3.60403
0.717794	3.64225
0.724436	3.68084
0.731139	3.71977
0.737904	3.75907
0.744732	3.79873
0.751623	3.83876
0.758578	3.87916
0.765597	3.91994
0.772681	3.96109
0.77983	4.00261
0.787046	4.04453
0.794328	4.08683
0.801678	4.12953
0.809096	4.17262
0.816582	4.21683
0.824138	4.26166
0.831764	4.30691
0.83946	4.35257
0.847227	4.39865
0.855067	4.44517
0.862979	4.49211
0.870964	4.53948
0.879023	4.5873
0.887156	4.63555
0.895365	4.68426
0.903649	4.73341
0.912011	4.78315
0.92045	4.83416
0.928966	4.88563
0.937562	4.93759
0.946237	4.99002
0.954993	5.04294
0.963829	5.09635
0.972747	5.15025
0.981748	5.20465
0.990832	5.25956
1	5.31497
1.00925	5.37088
1.01859	5.42825
1.02802	5.48638
1.03753	5.54499
1.04713	5.60416
1.05682	5.66389
1.0666	5.72417
1.07647	5.78501
1.08643	5.8464
1.09648	5.90834
1.10662	5.97084
1.11686	6.03442
1.1272	6.09896
1.13763	6.16406
1.14815	6.22973
1.15878	6.29608
1.1695	6.363
1.18032	6.43053
1.19124	6.4987
1.20226	6.56748
1.21339	6.63702
1.22462	6.70742
1.23595	6.77845
1.24738	6.85011
1.25893	6.92252
1.27057	6.9955
1.28233	7.06922
1.2942	7.14364
1.30617	7.21868
1.31826	7.29447
1.33045	7.37088
1.34276	7.44805
1.35519	7.52596
1.36773	7.60457
1.38038	7.68386
1.39316	7.76397
1.40605	7.84477
1.41906	7.92616
1.43219	8.00817
1.44544	8.09094
1.45881	8.17446
1.47231	8.25879
1.48594	8.34393
1.49968	8.42976
1.51356	8.51638
1.52757	8.60337
1.5417	8.6911
1.55597	8.7797
1.57036	8.86904
1.58489	8.95925
1.59956	9.05034
1.61436	9.14207
1.6293	9.23404
1.64437	9.32681
1.65959	9.42051
1.67494	9.515
1.69044	9.61042
1.70608	9.7067
1.72187	9.8033
1.7378	9.90043
1.75388	9.99847
1.77011	10.0974
1.78649	10.1973
1.80302	10.2981
1.8197	10.3993
1.83654	10.5009
1.85353	10.6034
1.87068	10.7069
1.88799	10.8114
1.90546	10.9168
1.92309	11.0225
1.94089	11.1288
1.95884	11.2361
1.97697	11.3444
1.99526	11.4536
2.01372	11.5638
2.03236	11.674
2.05116	11.7852
2.07014	11.8974
2.0893	12.0107
2.10863	12.1251
2.12814	12.2394
2.14783	12.3547
2.1677	12.471
2.18776	12.5884
2.208	12.7068
2.22844	12.8256
2.24905	12.9451
2.26986	13.0657
2.29087	13.1875
2.31206	13.3104
2.33346	13.4334
2.35505	13.5575
2.37684	13.6827
2.39883	13.8091
2.42103	13.9363
2.44343	14.0639
2.46604	14.1927
2.48886	14.3227
2.51189	14.4539
2.53513	14.5851
2.55859	14.7176
2.58226	14.8512
2.60615	14.9861
2.63027	15.1215
2.65461	15.2578
2.67917	15.3953
2.70396	15.5342
2.72898	15.6736
2.75423	15.814
2.77971	15.9557
2.80543	16.0987
2.83139	16.2424
2.85759	16.3871
2.88403	16.5331
2.91072	16.6806
2.93765	16.8284
2.96483	16.9776
2.99226	17.1282
3.01995	17.2799
3.04789	17.4321
3.0761	17.5859
3.10456	17.741
3.13329	17.8968
3.16228	18.0537
3.19154	18.2121
3.22107	18.3717
3.25087	18.5321
3.28095	18.694
3.31131	18.8574
3.34195	19.0215
3.37287	19.1871
3.40408	19.3542
3.43558	19.5222
3.46737	19.6916
3.49945	19.8625
3.53183	20.0345
3.56451	20.2077
3.59749	20.3825
3.63078	20.5585
3.66438	20.7356
3.69828	20.9144
3.7325	21.0944
3.76704	21.2757
3.80189	21.4587
3.83707	21.6429
3.87258	21.8286
3.90841	22.016
3.94457	22.2046
3.98107	22.3949
4.01791	22.5868
4.05509	22.78
4.09261	22.9749
4.13047	23.1712
4.16869	23.3689
4.20727	23.5685
4.2462	23.7692
4.28549	23.9717
4.32514	24.1758
4.36516	24.3812
4.40555	24.5885
4.44631	24.7972
4.48745	25.0077
4.52898	25.22
4.57088	25.4338
4.61318	25.6496
4.65586	25.8667
4.69894	26.0859
4.74242	26.3067
4.7863	26.5293
4.83059	26.7537
4.87529	26.9798
4.9204	27.208
4.96592	27.4376
5.01187	27.6694
5.05825	27.9028
5.10505	28.1383
5.15229	28.3755
5.19996	28.6148
5.24807	28.8558
5.29663	29.099
5.34564	29.3441
5.39511	29.5912
5.44503	29.8404
5.49541	30.0916
5.54626	30.3448
5.59758	30.6002
5.64937	30.8576
5.70164	31.1173
5.7544	31.379
5.80764	31.643
5.86138	31.909
5.91562	32.1775
5.97035	32.4479
6.0256	32.7208
6.08135	32.9957
6.13762	33.273
6.19441	33.5525
6.25173	33.8343
6.30957	34.1185
6.36796	34.405
6.42688	34.694
6.48634	34.9852
6.54636	35.279
6.60693	35.5752
6.66807	35.8739
6.72977	36.1752
6.79204	36.4789
6.85488	36.7852
6.91831	37.0941
6.98232	37.4056
7.04693	37.7197
7.11214	38.0366
7.17794	38.3561
7.24436	38.6783
7.31139	39.0033
7.37904	39.331
7.44732	39.6616
7.51623	39.995
7.58578	40.3311
7.65597	40.6702
7.72681	41.0121
7.7983	41.357
7.87046	41.7048
7.94328	42.0556
8.01678	42.4094
8.09096	42.7663
8.16582	43.1262
8.24138	43.4893
8.31764	43.8556
8.3946	44.2249
8.47227	44.5975
8.55067	44.9733
8.62979	45.3522
8.70964	45.7344
8.79023	46.1197
8.87156	46.5081
8.95365	46.8999
9.03649	47.2949
9.12011	47.6933
9.2045	48.095
9.28966	48.5003
9.37562	48.9092
9.46237	49.3219
9.54993	49.7384
9.63829	50.1588
9.72747	50.5832
9.81748	51.0116
9.90832	51.444
10	51.8803
10.0925	52.3203
10.1859	52.7644
10.2802	53.2125
10.3753	53.6641
10.4713	54.1195
10.5682	54.5788
10.666	55.042
10.7647	55.5092
10.8643	55.9803
10.9648	56.4554
11.0662	56.9346
11.1686	57.4183
11.272	57.9065
11.3763	58.3988
11.4815	58.8953
11.5878	59.3968
11.695	59.9024
11.8032	60.4126
11.9124	60.9274
12.0226	61.4467
12.1339	61.9712
12.2462	62.5001
12.3595	63.0337
12.4738	63.5718
12.5893	64.1154
12.7057	64.663
12.8233	65.2161
12.942	65.7741
13.0617	66.3367
13.1826	66.9046
13.3045	67.4771
13.4277	68.0555
13.5519	68.6384
13.6773	69.227
13.8038	69.8207
13.9316	70.4205
14.0605	71.0256
14.1906	71.6363
14.3219	72.2528
14.4544	72.8748
14.5881	73.5023
14.7231	74.1358
14.8594	74.775
14.9968	75.4191
15.1356	76.0692
15.2757	76.7249
15.417	77.3858
15.5597	78.0528
15.7036	78.7251
15.8489	79.4037
15.9956	80.0887
16.1436	80.7798
16.293	81.4774
16.4437	82.1813
16.5959	82.8925
16.7494	83.6098
16.9044	84.3343
17.0608	85.0653
17.2187	85.8033
17.378	86.5479
17.5388	87.2993
17.7011	88.0576
17.8649	88.8227
18.0302	89.5947
18.197	90.3735
18.3654	91.1596
18.5353	91.9527
18.7068	92.7531
18.8799	93.5608
19.0546	94.376
19.2309	95.1985
19.4089	96.0289
19.5884	96.8663
19.7697	97.712
19.9526	98.5652
20.1372	99.4262
20.3236	100.296
20.5116	101.172
20.7014	102.057
20.893	102.951
21.0863	103.852
21.2814	104.762
21.4783	105.68
21.677	106.606
21.8776	107.541
22.08	108.485
22.2844	109.437
22.4905	110.398
22.6986	111.368
22.9087	112.347
23.1206	113.335
23.3346	114.332
23.5505	115.338
23.7684	116.354
23.9883	117.379
24.2103	118.413
24.4343	119.457
24.6604	120.511
24.8886	121.574
25.1189	122.647
25.3513	123.73
25.5859	124.823
25.8226	125.926
26.0615	127.039
26.3027	128.163
26.5461	129.297
26.7917	130.441
27.0396	131.596
27.2898	132.762
27.5423	133.939
27.7971	135.128
28.0543	136.327
28.3139	137.538
28.5759	138.761
28.8403	139.995
29.1072	141.24
29.3765	142.496
29.6483	143.764
29.9226	145.042
30.1995	146.333
30.4789	147.634
30.761	148.948
31.0456	150.273
31.3329	151.61
31.6228	152.96
31.9154	154.322
32.2107	155.698
32.5087	157.086
32.8095	158.488
33.1131	159.903
33.4195	161.332
33.7287	162.773
34.0408	164.229
34.3558	165.698
34.6737	167.181
34.9945	168.677
35.3183	170.187
35.6451	171.711
35.9749	173.249
36.3078	174.802
36.6438	176.369
36.9828	177.95
37.325	179.546
37.6704	181.157
38.0189	182.782
38.3707	184.423
38.7258	186.08
39.0841	187.751
39.4457	189.438
39.8107	191.141
40.1791	192.86
40.5509	194.595
40.9261	196.345
41.3048	198.113
41.6869	199.896
42.0727	201.697
42.462	203.514
42.8548	205.347
43.2514	207.199
43.6516	209.067
44.0555	210.953
44.4631	212.856
44.8745	214.777
45.2898	216.716
45.7088	218.672
46.1318	220.648
46.5586	222.641
46.9894	224.652
47.4242	226.683
47.863	228.732
48.3059	230.8
48.7528	232.887
49.204	234.995
49.6592	237.121
50.1187	239.267
50.5825	241.434
51.0505	243.62
51.5229	245.828
51.9996	248.055
52.4807	250.304
52.9663	252.574
53.4564	254.865
53.9511	257.177
54.4503	259.511
54.9541	261.867
55.4626	264.244
55.9758	266.644
56.4937	269.066
57.0164	271.51
57.544	273.977
58.0764	276.467
58.6138	278.98
59.1562	281.516
59.7035	284.076
60.256	286.659
60.8135	289.266
61.3762	291.898
61.9441	294.554
62.5173	297.235
63.0957	299.941
63.6796	302.673
64.2688	305.43
64.8634	308.213
65.4636	311.023
66.0694	313.859
66.6807	316.721
67.2977	319.61
67.9204	322.526
68.5488	325.468
69.1831	328.438
69.8232	331.435
70.4693	334.46
71.1214	337.513
71.7794	340.594
72.4436	343.703
73.1139	346.841
73.7904	350.009
74.4732	353.205
75.1623	356.432
75.8578	359.688
76.5597	362.975
77.2681	366.292
77.983	369.64
78.7046	373.019
79.4328	376.43
80.1678	379.873
80.9096	383.349
81.6582	386.857
82.4138	390.398
83.1764	393.972
83.946	397.579
84.7227	401.219
85.5067	404.893
86.2979	408.601
87.0964	412.343
87.9023	416.12
88.7156	419.931
89.5365	423.777
90.3649	427.659
91.2011	431.578
92.045	435.533
92.8967	439.525
93.7562	443.553
94.6237	447.62
95.4993	451.724
96.3829	455.867
97.2747	460.048
98.1748	464.268
99.0832	468.527
