0.1	0
0.100925	0
0.101859	0
0.102802	0
0.103753	0
0.104713	0
0.105682	0
0.10666	0
0.107647	0
0.108643	0
0.109648	0
0.110662	9.52106e-08
0.111686	2.65684e-07
0.11272	4.37823e-07
0.113763	6.1146e-07
0.114815	7.86595e-07
0.115878	9.63561e-07
0.11695	1.14203e-06
0.118032	1.32216e-06
0.119124	1.50395e-06
0.120226	1.68741e-06
0.121339	1.8727e-06
0.122462	2.05965e-06
0.123595	2.24827e-06
0.124738	2.43856e-06
0.125893	2.63084e-06
0.127057	2.82462e-06
0.128233	3.0204e-06
0.12942	3.21801e-06
0.130617	3.41728e-06
0.131826	3.61856e-06
0.133045	3.82149e-06
0.134277	4.02659e-06
0.135519	4.23336e-06
0.136773	4.44212e-06
0.138038	4.65272e-06
0.139316	4.86548e-06
0.140605	5.08007e-06
0.141906	5.29666e-06
0.143219	5.51524e-06
0.144544	5.73583e-06
0.145881	5.95841e-06
0.147231	6.18315e-06
0.148594	6.41006e-06
0.149968	6.63881e-06
0.151356	6.86988e-06
0.152757	7.10311e-06
0.15417	7.33835e-06
0.155597	7.57591e-06
0.157036	7.81547e-06
0.158489	8.05737e-06
0.159956	8.30159e-06
0.161436	8.54798e-06
0.16293	8.7967e-06
0.164437	9.04758e-06
0.165959	9.30096e-06
0.167494	9.5565e-06
0.169044	9.81454e-06
0.170608	1.00749e-05
0.172187	1.03378e-05
0.17378	1.0603e-05
0.175388	1.08707e-05
0.177011	1.11409e-05
0.178649	1.14136e-05
0.180302	1.16888e-05
0.18197	1.19664e-05
0.183654	1.22468e-05
0.185353	1.25296e-05
0.187068	1.28151e-05
0.188799	1.31033e-05
0.190546	1.33942e-05
0.192309	1.36877e-05
0.194089	1.3984e-05
0.195884	1.42828e-05
0.197697	1.45846e-05
0.199526	1.48891e-05
0.201372	1.51965e-05
0.203236	1.55068e-05
0.205116	1.58197e-05
0.207014	1.61357e-05
0.20893	1.64547e-05
0.210863	3.45732e-05
0.212814	8.57481e-05
0.214783	0.000137395
0.21677	0.000189514
0.218776	0.000242132
0.2208	0.000295221
0.222844	0.000348836
0.224905	0.000402896
0.226986	0.000457481
0.229087	0.00051259
0.231206	0.000568171
0.233346	0.000624304
0.235505	0.000680935
0.237684	0.00073809
0.239883	0.00079577
0.242103	0.000854001
0.244343	0.000912756
0.246604	0.000972062
0.248886	0.00103192
0.251189	0.00109233
0.253513	0.00115329
0.255859	0.00121482
0.258226	0.00127691
0.260615	0.00133957
0.263027	0.00140284
0.265461	0.00146668
0.267917	0.0015311
0.270396	0.00159613
0.272898	0.00166176
0.275423	0.00172799
0.277971	0.00179482
0.280543	0.00186228
0.283139	0.00193038
0.285759	0.0019991
0.288403	0.00206845
0.291072	0.00213846
0.293765	0.0022091
0.296483	0.00228039
0.299226	0.00235234
0.301995	0.00242497
0.30479	0.00249828
0.30761	0.00257225
0.310456	0.00265964
0.313329	0.00293195
0.316228	0.00320672
0.319154	0.00348405
0.322107	0.00376395
0.325087	0.0040464
0.328095	0.0043315
0.331131	0.00461926
0.334195	0.00490968
0.337287	0.00520274
0.340408	0.00549856
0.343558	0.00579712
0.346737	0.00609844
0.349945	0.0064025
0.353183	0.0067094
0.356451	0.00701915
0.359749	0.00733174
0.363078	0.00764728
0.366438	0.00796574
0.369828	0.00828706
0.37325	0.0086114
0.376704	0.00893878
0.380189	0.0092691
0.383707	0.00960254
0.387258	0.00993911
0.390841	0.0102787
0.394457	0.0106215
0.398107	0.0109674
0.401791	0.0113166
0.405509	0.011669
0.409261	0.0120246
0.413047	0.0125013
0.416869	0.0130313
0.420727	0.0135662
0.42462	0.014106
0.428549	0.0146507
0.432514	0.0152005
0.436516	0.0157554
0.440555	0.0163154
0.444631	0.0168806
0.448745	0.017451
0.452898	0.0180268
0.457088	0.0186078
0.461318	0.0191943
0.465586	0.019786
0.469894	0.0203834
0.474242	0.0209862
0.47863	0.0215946
0.483059	0.0222087
0.487528	0.0228284
0.49204	0.023454
0.496592	0.0240851
0.501187	0.0247222
0.505825	0.0253653
0.510505	0.0260156
0.515229	0.026789
0.519996	0.0275695
0.524807	0.0283572
0.529663	0.0291523
0.534564	0.0299547
0.539511	0.0307646
0.544503	0.031582
0.549541	0.0324068
0.554626	0.0332394
0.559758	0.0340796
0.564937	0.0349276
0.570164	0.0357834
0.57544	0.0366472
0.580764	0.0375189
0.586138	0.0383987
0.591562	0.0392868
0.597035	0.0401829
0.60256	0.0410875
0.608135	0.0420002
0.613762	0.0429403
0.619441	0.0439031
0.625173	0.0448749
0.630957	0.0458555
0.636796	0.0468454
0.642688	0.0478444
0.648634	0.0488524
0.654636	0.04987
0.660693	0.0508969
0.666807	0.0519335
0.672977	0.0529795
0.679204	0.0540353
0.685488	0.0551006
0.691831	0.056176
0.698232	0.0572613
0.704693	0.0583566
0.711214	0.0594581
0.717794	0.0605268
0.724436	0.0616056
0.731139	0.0626943
0.737904	0.0637931
0.744732	0.0649021
0.751623	0.0660213
0.758578	0.067151
0.765597	0.068291
0.772681	0.0694416
0.77983	0.0706027
0.787046	0.0717748
0.794328	0.0729575
0.801678	0.0741513
0.809096	0.0753562
0.816582	0.0765169
0.824138	0.0776732
0.831764	0.0788401
0.83946	0.0800177
0.847227	0.0812062
0.855067	0.0824059
0.862979	0.0836166
0.870964	0.0848384
0.879023	0.0860716
0.887156	0.0873161
0.895365	0.0885723
0.903649	0.0898399
0.912011	0.091111
0.92045	0.0923434
0.928966	0.093587
0.937562	0.0948423
0.946237	0.0961091
0.954993	0.0973877
0.963829	0.0986781
0.972747	0.0999804
0.981748	0.101295
0.990832	0.102621
1	0.10396
1.00925	0.105311
1.01859	0.106638
1.02802	0.10797
1.03753	0.109313
1.04713	0.110669
1.05682	0.112038
1.0666	0.113419
1.07647	0.114813
1.08643	0.11622
1.09648	0.117639
1.10662	0.119071
1.11686	0.120511
1.1272	0.121958
1.13763	0.123419
1.14815	0.124892
1.15878	0.12638
1.1695	0.127881
1.18032	0.129396
1.19124	0.130925
1.20226	0.132468
1.21339	0.134043
1.22462	0.135695
1.23595	0.137362
1.24738	0.139044
1.25893	0.140744
1.27057	0.142456
1.28233	0.144187
1.2942	0.145933
1.30617	0.147695
1.31826	0.149521
1.33045	0.151398
1.34276	0.153292
1.35519	0.155205
1.36773	0.157135
1.38038	0.159082
1.39316	0.161049
1.40605	0.163033
1.41906	0.165076
1.43219	0.167166
1.44544	0.169275
1.45881	0.171404
1.47231	0.173553
1.48594	0.175722
1.49968	0.177909
1.51356	0.180127
1.52757	0.182411
1.5417	0.184715
1.55597	0.187041
1.57036	0.189387
1.58489	0.191756
1.59956	0.194147
1.61436	0.196566
1.6293	0.19903
1.64437	0.201516
1.65959	0.204026
1.67494	0.206558
1.69044	0.209115
1.70608	0.211695
1.72187	0.214303
1.7378	0.216937
1.75388	0.219596
1.77011	0.222279
1.78649	0.224987
1.80302	0.22772
1.8197	0.230473
1.83654	0.233247
1.85353	0.236046
1.87068	0.238871
1.88799	0.241723
1.90546	0.2446
1.92309	0.247486
1.94089	0.250389
1.95884	0.253317
1.97697	0.256274
1.99526	0.259258
2.01372	0.262265
2.03236	0.26527
2.05116	0.268301
2.07014	0.271361
2.0893	0.27445
2.10863	0.277567
2.12814	0.280677
2.14783	0.283808
2.1677	0.286968
2.18776	0.290158
2.208	0.293377
2.22844	0.296593
2.24905	0.299827
2.26986	0.303092
2.29087	0.306389
2.31206	0.309714
2.33346	0.313024
2.35505	0.316363
2.37684	0.319733
2.39883	0.323134
2.42103	0.326547
2.44343	0.329961
2.46604	0.333407
2.48886	0.336885
2.51189	0.340395
2.53513	0.343886
2.55859	0.347409
2.58226	0.350964
2.60615	0.354551
2.63027	0.35813
2.65461	0.361727
2.67917	0.365356
2.70396	0.369019
2.72898	0.37268
2.75423	0.376356
2.77971	0.380065
2.80543	0.38381
2.83139	0.387547
2.85759	0.391304
2.88403	0.395094
2.91072	0.398921
2.93765	0.402728
2.96483	0.406566
2.99226	0.41044
3.01995	0.414335
3.04789	0.418224
3.0761	0.422151
3.10456	0.426113
3.13329	0.430068
3.16228	0.434043
3.19154	0.438054
3.22107	0.442084
3.25087	0.446102
3.28095	0.450158
3.31131	0.454252
3.34195	0.458336
3.37287	0.462455
3.40408	0.466612
3.43558	0.470759
3.46737	0.474924
3.49945	0.479127
3.53183	0.483337
3.56451	0.487561
3.59749	0.491824
3.63078	0.496093
3.66438	0.50037
3.69828	0.504686
3.7325	0.509009
3.76704	0.513345
3.80189	0.517721
3.83707	0.522094
3.87258	0.526487
3.90841	0.530919
3.94457	0.535344
3.98107	0.539802
4.01791	0.544295
4.05509	0.548772
4.09261	0.55329
4.13047	0.55782
4.16869	0.562356
4.20727	0.566935
4.2462	0.57151
4.28549	0.576119
4.32514	0.580751
4.36516	0.585378
4.40555	0.590048
4.44631	0.594708
4.48745	0.599397
4.52898	0.604109
4.57088	0.608824
4.61318	0.613583
4.65586	0.618336
4.69894	0.623131
4.74242	0.627932
4.7863	0.632754
4.83059	0.637595
4.87529	0.642435
4.9204	0.64731
4.96592	0.652176
5.01187	0.657087
5.05825	0.661999
5.10505	0.666952
5.15229	0.671897
5.19996	0.676873
5.24807	0.681846
5.29663	0.686845
5.34564	0.691864
5.39511	0.696915
5.44503	0.70197
5.49541	0.707044
5.54626	0.712118
5.59758	0.71721
5.64937	0.722316
5.70164	0.727452
5.7544	0.732595
5.80764	0.737771
5.86138	0.742944
5.91562	0.748156
5.97035	0.753356
6.0256	0.758594
6.08135	0.763831
6.13762	0.769093
6.19441	0.774366
6.25173	0.779648
6.30957	0.784955
6.36796	0.790259
6.42688	0.795595
6.48634	0.800936
6.54636	0.806298
6.60693	0.811679
6.66807	0.817058
6.72977	0.822465
6.79204	0.82788
6.85488	0.833311
6.91831	0.838771
6.98232	0.84422
7.04693	0.84969
7.11214	0.855178
7.17794	0.860662
7.24436	0.866172
7.31139	0.871704
7.37904	0.877244
7.44732	0.882809
7.51623	0.888396
7.58578	0.893972
7.65597	0.899563
7.72681	0.90517
7.7983	0.910778
7.87046	0.916399
7.94328	0.922038
8.01678	0.927696
8.09096	0.933357
8.16582	0.939038
8.24138	0.944737
8.31764	0.950454
8.3946	0.956164
8.47227	0.961883
8.55067	0.967616
8.62979	0.973364
8.70964	0.979126
8.79023	0.984901
8.87156	0.99069
8.95365	0.996493
9.03649	1.00231
9.12011	1.00813
9.2045	1.01395
9.28966	1.01979
9.37562	1.02563
9.46237	1.03149
9.54993	1.03736
9.63829	1.04324
9.72747	1.04913
9.81748	1.05503
9.90832	1.06094
10	1.06687
10.0925	1.07281
10.1859	1.07875
10.2802	1.0847
10.3753	1.09064
10.4713	1.09659
10.5682	1.10256
10.666	1.10855
10.7647	1.11455
10.8643	1.12058
10.9648	1.12661
11.0662	1.13263
11.1686	1.13866
11.272	1.14469
11.3763	1.15075
11.4815	1.15681
11.5878	1.16288
11.695	1.16895
11.8032	1.17501
11.9124	1.18108
12.0226	1.18718
12.1339	1.19331
12.2462	1.19944
12.3595	1.20557
12.4738	1.2117
12.5893	1.21784
12.7057	1.22397
12.8233	1.23012
12.942	1.23628
13.0617	1.24245
13.1826	1.24863
13.3045	1.25481
13.4277	1.26101
13.5519	1.2672
13.6773	1.2734
13.8038	1.27961
13.9316	1.28582
14.0605	1.29203
14.1906	1.29825
14.3219	1.30447
14.4544	1.31071
14.5881	1.31698
14.7231	1.32326
14.8594	1.32953
14.9968	1.33578
15.1356	1.34204
15.2757	1.3483
15.417	1.35457
15.5597	1.36085
15.7036	1.36713
15.8489	1.37344
15.9956	1.37976
16.1436	1.38609
16.293	1.39244
16.4437	1.39877
16.5959	1.40508
16.7494	1.41138
16.9044	1.41768
17.0608	1.42401
17.2187	1.43036
17.378	1.43672
17.5388	1.44309
17.7011	1.44945
17.8649	1.45581
18.0302	1.46216
18.197	1.4685
18.3654	1.47486
18.5353	1.48124
18.7068	1.48763
18.8799	1.49402
19.0546	1.50043
19.2309	1.50683
19.4089	1.51324
19.5884	1.51964
19.7697	1.52604
19.9526	1.53244
20.1372	1.53885
20.3236	1.54527
20.5116	1.55169
20.7014	1.5581
20.893	1.56453
21.0863	1.57095
21.2814	1.57737
21.4783	1.58381
21.677	1.59026
21.8776	1.59672
22.08	1.60319
22.2844	1.60964
22.4905	1.61608
22.6986	1.62253
22.9087	1.62898
23.1206	1.63544
23.3346	1.6419
23.5505	1.64836
23.7684	1.65481
23.9883	1.66127
24.2103	1.66775
24.4343	1.67423
24.6604	1.68072
24.8886	1.68721
25.1189	1.69369
25.3513	1.70018
25.5859	1.70666
25.8226	1.71315
26.0615	1.71963
26.3027	1.72612
26.5461	1.73261
26.7917	1.7391
27.0396	1.74559
27.2898	1.75208
27.5423	1.75858
27.7971	1.76508
28.0543	1.77158
28.3139	1.77809
28.5759	1.7846
28.8403	1.79111
29.1072	1.79762
29.3765	1.80413
29.6483	1.81064
29.9226	1.81713
30.1995	1.82362
30.4789	1.83012
30.761	1.83666
31.0456	1.84321
31.3329	1.84977
31.6228	1.8563
31.9154	1.86281
32.2107	1.8693
32.5087	1.8758
32.8095	1.88232
33.1131	1.88884
33.4195	1.89536
33.7287	1.90189
34.0408	1.90841
34.3558	1.91493
34.6737	1.92145
34.9945	1.92797
35.3183	1.9345
35.6451	1.94103
35.9749	1.94756
36.3078	1.95411
36.6438	1.96066
36.9828	1.9672
37.325	1.97373
37.6704	1.98026
38.0189	1.98679
38.3707	1.99332
38.7258	1.99986
39.0841	2.0064
39.4457	2.01295
39.8107	2.01949
40.1791	2.02602
40.5509	2.03254
40.9261	2.03906
41.3048	2.04559
41.6869	2.05213
42.0727	2.05868
42.462	2.06522
42.8548	2.07175
43.2514	2.07828
43.6516	2.08481
44.0555	2.09135
44.4631	2.09788
44.8745	2.10441
45.2898	2.11095
45.7088	2.11747
46.1318	2.124
46.5586	2.13053
46.9894	2.13706
47.4242	2.14358
47.863	2.1501
48.3059	2.15662
48.7528	2.16315
49.204	2.16969
49.6592	2.17624
50.1187	2.18279
50.5825	2.18935
51.0505	2.19589
51.5229	2.2024
51.9996	2.20891
52.4807	2.21542
52.9663	2.22195
53.4564	2.22849
53.9511	2.23503
54.4503	2.24155
54.9541	2.24805
55.4626	2.25456
55.9758	2.26107
56.4937	2.26759
57.0164	2.27411
57.544	2.28064
58.0764	2.28718
58.6138	2.29371
59.1562	2.30023
59.7035	2.30675
60.256	2.31328
60.8135	2.31979
61.3762	2.32631
61.9441	2.33282
62.5173	2.33932
63.0957	2.34583
63.6796	2.35234
64.2688	2.35886
64.8634	2.36538
65.4636	2.3719
66.0694	2.37841
66.6807	2.38491
67.2977	2.3914
67.9204	2.39787
68.5488	2.40436
69.1831	2.41087
69.8232	2.41739
70.4693	2.4239
71.1214	2.43041
71.7794	2.4369
72.4436	2.4434
73.1139	2.4499
73.7904	2.4564
74.4732	2.46289
75.1623	2.46937
75.8578	2.47584
76.5597	2.48231
77.2681	2.4888
77.983	2.49528
78.7046	2.50176
79.4328	2.50822
80.1678	2.51469
80.9096	2.52118
81.6582	2.52769
82.4138	2.5342
83.1764	2.5407
83.946	2.54716
84.7227	2.5536
85.5067	2.56003
86.2979	2.56647
87.0964	2.57293
87.9023	2.57941
88.7156	2.58591
89.5365	2.5924
90.3649	2.59888
91.2011	2.60533
92.045	2.61178
92.8967	2.61822
93.7562	2.62466
94.6237	2.6311
95.4993	2.63756
96.3829	2.64402
97.2747	2.65048
98.1748	2.65694
99.0832	2.66339
