0.1	0
0.100925	0
0.101859	0
0.102802	0
0.103753	0
0.104713	0
0.105682	0
0.10666	0
0.107647	0
0.108643	0
0.109648	0
0.110662	0
0.111686	0
0.11272	0
0.113763	0
0.114815	0
0.115878	0
0.11695	0
0.118032	0
0.119124	0
0.120226	0
0.121339	0
0.122462	0
0.123595	0
0.124738	0
0.125893	0
0.127057	0
0.128233	0
0.12942	0
0.130617	0
0.131826	0
0.133045	0
0.134277	0
0.135519	0
0.136773	0
0.138038	0
0.139316	0
0.140605	0
0.141906	0
0.143219	0
0.144544	0
0.145881	0
0.147231	0
0.148594	0
0.149968	0
0.151356	0
0.152757	0
0.15417	0
0.155597	0
0.157036	0
0.158489	0
0.159956	0
0.161436	0
0.16293	0
0.164437	0
0.165959	0
0.167494	0
0.169044	0
0.170608	0
0.172187	0
0.17378	0
0.175388	0
0.177011	0
0.178649	0
0.180302	0
0.18197	0
0.183654	0
0.185353	0
0.187068	0
0.188799	0
0.190546	0
0.192309	0
0.194089	0
0.195884	0
0.197697	0
0.199526	0
0.201372	0
0.203236	0
0.205116	0
0.207014	0
0.20893	0
0.210863	1.40767e-06
0.212814	5.42978e-06
0.214783	9.48899e-06
0.21677	1.35853e-05
0.218776	1.77208e-05
0.2208	2.18934e-05
0.222844	2.61072e-05
0.224905	3.03561e-05
0.226986	3.46462e-05
0.229087	3.89776e-05
0.231206	4.3346e-05
0.233346	4.77577e-05
0.235505	5.22087e-05
0.237684	5.67008e-05
0.239883	6.12342e-05
0.242103	6.58108e-05
0.244343	7.04287e-05
0.246604	7.50899e-05
0.248886	7.97944e-05
0.251189	8.45422e-05
0.253513	8.93332e-05
0.255859	9.41697e-05
0.258226	9.90494e-05
0.260615	0.000103974
0.263027	0.000108947
0.265461	0.000113965
0.267917	0.000119028
0.270396	0.000124139
0.272898	0.000129297
0.275423	0.000134502
0.277971	0.000139755
0.280543	0.000145057
0.283139	0.000150409
0.285759	0.00015581
0.288403	0.000161261
0.291072	0.000166763
0.293765	0.000172315
0.296483	0.000177918
0.299226	0.000183573
0.301995	0.000189282
0.30479	0.000195044
0.30761	0.000200857
0.310456	0.000234789
0.313329	0.000674834
0.316228	0.00111886
0.319154	0.00156702
0.322107	0.00201932
0.325087	0.00247575
0.328095	0.00293648
0.331131	0.00340149
0.334195	0.00387079
0.337287	0.00434437
0.340408	0.0048224
0.343558	0.00530488
0.346737	0.00579179
0.349945	0.00628314
0.353183	0.00677909
0.356451	0.00727964
0.359749	0.00778478
0.363078	0.00829467
0.366438	0.0088093
0.369828	0.00932854
0.37325	0.00985267
0.376704	0.0103817
0.380189	0.0109155
0.383707	0.0114543
0.387258	0.0119982
0.390841	0.012547
0.394457	0.0131009
0.398107	0.0136599
0.401791	0.0142242
0.405509	0.0147936
0.409261	0.0153683
0.413047	0.0196244
0.416869	0.0254394
0.420727	0.0313093
0.42462	0.0372324
0.428549	0.0432103
0.432514	0.0492429
0.436516	0.0553319
0.440555	0.0614771
0.444631	0.0676787
0.448745	0.073938
0.452898	0.0802567
0.457088	0.0866317
0.461318	0.0930675
0.465586	0.0995612
0.469894	0.106116
0.474242	0.112731
0.47863	0.119407
0.483059	0.126146
0.487528	0.132945
0.49204	0.13981
0.496592	0.146736
0.501187	0.153727
0.505825	0.160784
0.510505	0.168004
0.515229	0.18384
0.519996	0.19982
0.524807	0.215947
0.529663	0.232226
0.534564	0.248655
0.539511	0.265238
0.544503	0.281973
0.549541	0.298861
0.554626	0.315907
0.559758	0.33311
0.564937	0.350472
0.570164	0.367994
0.57544	0.38568
0.580764	0.403527
0.586138	0.421542
0.591562	0.439724
0.597035	0.458071
0.60256	0.476592
0.608135	0.49528
0.613762	0.518239
0.619441	0.544497
0.625173	0.571
0.630957	0.597743
0.636796	0.624741
0.642688	0.651983
0.648634	0.679476
0.654636	0.707227
0.660693	0.735233
0.666807	0.763502
0.672977	0.79203
0.679204	0.820822
0.685488	0.849877
0.691831	0.879205
0.698232	0.908801
0.704693	0.938674
0.711214	0.969402
0.717794	1.00632
0.724436	1.04359
0.731139	1.08121
0.737904	1.11917
0.744732	1.15748
0.751623	1.19615
0.758578	1.23517
0.765597	1.27456
0.772681	1.31431
0.77983	1.35442
0.787046	1.39491
0.794328	1.43578
0.801678	1.47702
0.809096	1.51864
0.816582	1.5664
0.824138	1.61621
0.831764	1.66649
0.83946	1.71722
0.847227	1.76843
0.855067	1.82011
0.862979	1.87227
0.870964	1.92491
0.879023	1.97804
0.887156	2.03165
0.895365	2.08577
0.903649	2.14038
0.912011	2.1967
0.92045	2.26074
0.928966	2.32535
0.937562	2.39058
0.946237	2.4564
0.954993	2.52284
0.963829	2.58988
0.972747	2.65755
0.981748	2.72585
0.990832	2.79477
1	2.86434
1.00925	2.93453
1.01859	3.01026
1.02802	3.08777
1.03753	3.16594
1.04713	3.24485
1.05682	3.3245
1.0666	3.40489
1.07647	3.48602
1.08643	3.56789
1.09648	3.6505
1.10662	3.73385
1.11686	3.82091
1.1272	3.91098
1.13763	4.00184
1.14815	4.09349
1.15878	4.18609
1.1695	4.27948
1.18032	4.37374
1.19124	4.46887
1.20226	4.56487
1.21339	4.66244
1.22462	4.76324
1.23595	4.86495
1.24738	4.96754
1.25893	5.07122
1.27057	5.17571
1.28233	5.28127
1.2942	5.38782
1.30617	5.49526
1.31826	5.60272
1.33045	5.71031
1.34276	5.81897
1.35519	5.92868
1.36773	6.03936
1.38038	6.15101
1.39316	6.26381
1.40605	6.37758
1.41906	6.49091
1.43219	6.60428
1.44544	6.71868
1.45881	6.83411
1.47231	6.95067
1.48594	7.06835
1.49968	7.18699
1.51356	7.3064
1.52757	7.42469
1.5417	7.54398
1.55597	7.66446
1.57036	7.78595
1.58489	7.90863
1.59956	8.03248
1.61436	8.15676
1.6293	8.27945
1.64437	8.4032
1.65959	8.52819
1.67494	8.65424
1.69044	8.78153
1.70608	8.90996
1.72187	9.03712
1.7378	9.16408
1.75388	9.29224
1.77011	9.42159
1.78649	9.55213
1.80302	9.68387
1.8197	9.81476
1.83654	9.94468
1.85353	10.0758
1.87068	10.2081
1.88799	10.3416
1.90546	10.4764
1.92309	10.6095
1.94089	10.7423
1.95884	10.8762
1.97697	11.0114
1.99526	11.1478
2.01372	11.285
2.03236	11.4192
2.05116	11.5546
2.07014	11.6912
2.0893	11.8292
2.10863	11.9684
2.12814	12.1047
2.14783	12.2415
2.1677	12.3795
2.18776	12.5189
2.208	12.6595
2.22844	12.7974
2.24905	12.9355
2.26986	13.0749
2.29087	13.2156
2.31206	13.3576
2.33346	13.4958
2.35505	13.6352
2.37684	13.776
2.39883	13.918
2.42103	14.0593
2.44343	14.1988
2.46604	14.3395
2.48886	14.4816
2.51189	14.625
2.53513	14.7646
2.55859	14.9054
2.58226	15.0475
2.60615	15.1909
2.63027	15.3318
2.65461	15.4727
2.67917	15.6148
2.70396	15.7583
2.72898	15.8997
2.75423	16.0407
2.77971	16.183
2.80543	16.3266
2.83139	16.4678
2.85759	16.6089
2.88403	16.7513
2.91072	16.8951
2.93765	17.0355
2.96483	17.1768
2.99226	17.3194
3.01995	17.462
3.04789	17.6023
3.0761	17.7439
3.10456	17.8868
3.13329	18.0275
3.16228	18.1681
3.19154	18.31
3.22107	18.4518
3.25087	18.5915
3.28095	18.7324
3.31131	18.8747
3.34195	19.0138
3.37287	19.1538
3.40408	19.2952
3.43558	19.4346
3.46737	19.5739
3.49945	19.7145
3.53183	19.8537
3.56451	19.9923
3.59749	20.1321
3.63078	20.2709
3.66438	20.4088
3.69828	20.548
3.7325	20.686
3.76704	20.8233
3.80189	20.9619
3.83707	21.0988
3.87258	21.2356
3.90841	21.3737
3.94457	21.5093
3.98107	21.6456
4.01791	21.7827
4.05509	21.9174
4.09261	22.0533
4.13047	22.1886
4.16869	22.3229
4.20727	22.4584
4.2462	22.5919
4.28549	22.7259
4.32514	22.86
4.36516	22.9926
4.40555	23.1263
4.44631	23.2583
4.48745	23.3906
4.52898	23.5229
4.57088	23.6539
4.61318	23.7862
4.65586	23.916
4.69894	24.0469
4.74242	24.1767
4.7863	24.3065
4.83059	24.4361
4.87529	24.5647
4.9204	24.6939
4.96592	24.8214
5.01187	24.95
5.05825	25.0766
5.10505	25.2042
5.15229	25.3302
5.19996	25.4568
5.24807	25.5822
5.29663	25.7078
5.34564	25.8325
5.39511	25.9572
5.44503	26.0811
5.49541	26.2049
5.54626	26.328
5.59758	26.451
5.64937	26.5731
5.70164	26.6953
5.7544	26.8164
5.80764	26.9379
5.86138	27.058
5.91562	27.1788
5.97035	27.2978
6.0256	27.4174
6.08135	27.5358
6.13762	27.6542
6.19441	27.7721
6.25173	27.8893
6.30957	28.0066
6.36796	28.1226
6.42688	28.2389
6.48634	28.3541
6.54636	28.4692
6.60693	28.584
6.66807	28.6977
6.72977	28.8115
6.79204	28.9245
6.85488	29.037
6.91831	29.1496
6.98232	29.2608
7.04693	29.372
7.11214	29.483
7.17794	29.5929
7.24436	29.7026
7.31139	29.8121
7.37904	29.9205
7.44732	30.0288
7.51623	30.1368
7.58578	30.2438
7.65597	30.3505
7.72681	30.4569
7.7983	30.5626
7.87046	30.6677
7.94328	30.7726
8.01678	30.8771
8.09096	30.9806
8.16582	31.0837
8.24138	31.1866
8.31764	31.2891
8.3946	31.3906
8.47227	31.4918
8.55067	31.5926
8.62979	31.693
8.70964	31.7928
8.79023	31.8919
8.87156	31.9906
8.95365	32.0889
9.03649	32.1867
9.12011	32.2841
9.2045	32.3807
9.28966	32.4769
9.37562	32.5726
9.46237	32.6678
9.54993	32.7626
9.63829	32.8569
9.72747	32.9507
9.81748	33.044
9.90832	33.1367
10	33.2289
10.0925	33.3206
10.1859	33.4119
10.2802	33.5027
10.3753	33.5929
10.4713	33.6827
10.5682	33.7719
10.666	33.8607
10.7647	33.949
10.8643	34.0368
10.9648	34.1241
11.0662	34.2109
11.1686	34.2972
11.272	34.3831
11.3763	34.4684
11.4815	34.5532
11.5878	34.6377
11.695	34.7216
11.8032	34.805
11.9124	34.8879
12.0226	34.9704
12.1339	35.0523
12.2462	35.1338
12.3595	35.2147
12.4738	35.2952
12.5893	35.3753
12.7057	35.4549
12.8233	35.5341
12.942	35.6126
13.0617	35.6907
13.1826	35.7684
13.3045	35.8456
13.4277	35.9225
13.5519	35.9987
13.6773	36.0745
13.8038	36.1499
13.9316	36.2248
14.0605	36.2992
14.1906	36.3732
14.3219	36.4468
14.4544	36.5197
14.5881	36.5923
14.7231	36.6646
14.8594	36.7362
14.9968	36.8075
15.1356	36.8783
15.2757	36.9487
15.417	37.0186
15.5597	37.0881
15.7036	37.1571
15.8489	37.2257
15.9956	37.2938
16.1436	37.3616
16.293	37.4289
16.4437	37.4957
16.5959	37.5621
16.7494	37.6281
16.9044	37.6937
17.0608	37.7588
17.2187	37.8236
17.378	37.8878
17.5388	37.9517
17.7011	38.0152
17.8649	38.0782
18.0302	38.1408
18.197	38.203
18.3654	38.2648
18.5353	38.3262
18.7068	38.3872
18.8799	38.4477
19.0546	38.5079
19.2309	38.5677
19.4089	38.6271
19.5884	38.686
19.7697	38.7446
19.9526	38.8027
20.1372	38.8605
20.3236	38.9179
20.5116	38.9749
20.7014	39.0315
20.893	39.0877
21.0863	39.1436
21.2814	39.199
21.4783	39.2541
21.677	39.3088
21.8776	39.3631
22.08	39.4171
22.2844	39.4707
22.4905	39.5238
22.6986	39.5767
22.9087	39.6292
23.1206	39.6813
23.3346	39.733
23.5505	39.7844
23.7684	39.8354
23.9883	39.886
24.2103	39.9364
24.4343	39.9863
24.6604	40.0359
24.8886	40.0852
25.1189	40.1341
25.3513	40.1826
25.5859	40.2308
25.8226	40.2787
26.0615	40.3262
26.3027	40.3734
26.5461	40.4203
26.7917	40.4668
27.0396	40.513
27.2898	40.5588
27.5423	40.6044
27.7971	40.6495
28.0543	40.6944
28.3139	40.739
28.5759	40.7832
28.8403	40.8271
29.1072	40.8707
29.3765	40.914
29.6483	40.9569
29.9226	40.9996
30.1995	41.0419
30.4789	41.0839
30.761	41.1257
31.0456	41.1671
31.3329	41.2082
31.6228	41.249
31.9154	41.2895
32.2107	41.3297
32.5087	41.3696
32.8095	41.4092
33.1131	41.4486
33.4195	41.4876
33.7287	41.5264
34.0408	41.5648
34.3558	41.603
34.6737	41.6409
34.9945	41.6785
35.3183	41.7158
35.6451	41.7529
35.9749	41.7896
36.3078	41.8262
36.6438	41.8624
36.9828	41.8983
37.325	41.934
37.6704	41.9694
38.0189	42.0046
38.3707	42.0395
38.7258	42.0741
39.0841	42.1084
39.4457	42.1425
39.8107	42.1764
40.1791	42.21
40.5509	42.2433
40.9261	42.2764
41.3048	42.3092
41.6869	42.3418
42.0727	42.3741
42.462	42.4062
42.8548	42.438
43.2514	42.4696
43.6516	42.501
44.0555	42.5321
44.4631	42.563
44.8745	42.5936
45.2898	42.624
45.7088	42.6542
46.1318	42.6842
46.5586	42.7139
46.9894	42.7433
47.4242	42.7726
47.863	42.8016
48.3059	42.8304
48.7528	42.859
49.204	42.8874
49.6592	42.9155
50.1187	42.9434
50.5825	42.9712
51.0505	42.9987
51.5229	43.0259
51.9996	43.053
52.4807	43.0799
52.9663	43.1065
53.4564	43.1329
53.9511	43.1592
54.4503	43.1852
54.9541	43.211
55.4626	43.2367
55.9758	43.2621
56.4937	43.2873
57.0164	43.3124
57.544	43.3372
58.0764	43.3618
58.6138	43.3863
59.1562	43.4105
59.7035	43.4346
60.256	43.4585
60.8135	43.4821
61.3762	43.5056
61.9441	43.529
62.5173	43.5521
63.0957	43.575
63.6796	43.5978
64.2688	43.6204
64.8634	43.6428
65.4636	43.665
66.0694	43.6871
66.6807	43.709
67.2977	43.7307
67.9204	43.7522
68.5488	43.7736
69.1831	43.7948
69.8232	43.8158
70.4693	43.8366
71.1214	43.8573
71.7794	43.8779
72.4436	43.8982
73.1139	43.9184
73.7904	43.9385
74.4732	43.9583
75.1623	43.9781
75.8578	43.9976
76.5597	44.017
77.2681	44.0363
77.983	44.0554
78.7046	44.0743
79.4328	44.0931
80.1678	44.1117
80.9096	44.1302
81.6582	44.1486
82.4138	44.1668
83.1764	44.1848
83.946	44.2027
84.7227	44.2205
85.5067	44.2381
86.2979	44.2556
87.0964	44.2729
87.9023	44.2901
88.7156	44.3071
89.5365	44.3241
90.3649	44.3408
91.2011	44.3575
92.045	44.374
92.8967	44.3904
93.7562	44.4066
94.6237	44.4227
95.4993	44.4387
96.3829	44.4546
97.2747	44.4703
98.1748	44.4859
99.0832	44.5013
