0.1
0.100925
0.101859
0.102802
0.103753
0.104713
0.105682
0.10666
0.107647
0.108643
0.109648
0.110662
0.111686
0.11272
0.113763
0.114815
0.115878
0.11695
0.118032
0.119124
0.120226
0.121339
0.122462
0.123595
0.124738
0.125893
0.127057
0.128233
0.12942
0.130617
0.131826
0.133045
0.134277
0.135519
0.136773
0.138038
0.139316
0.140605
0.141906
0.143219
0.144544
0.145881
0.147231
0.148594
0.149968
0.151356
0.152757
0.15417
0.155597
0.157036
0.158489
0.159956
0.161436
0.16293
0.164437
0.165959
0.167494
0.169044
0.170608
0.172187
0.17378
0.175388
0.177011
0.178649
0.180302
0.18197
0.183654
0.185353
0.187068
0.188799
0.190546
0.192309
0.194089
0.195884
0.197697
0.199526
0.201372
0.203236
0.205116
0.207014
0.20893
0.210863
0.212814
0.214783
0.21677
0.218776
0.2208
0.222844
0.224905
0.226986
0.229087
0.231206
0.233346
0.235505
0.237684
0.239883
0.242103
0.244343
0.246604
0.248886
0.251189
0.253513
0.255859
0.258226
0.260615
0.263027
0.265461
0.267917
0.270396
0.272898
0.275423
0.277971
0.280543
0.283139
0.285759
0.288403
0.291072
0.293765
0.296483
0.299226
0.301995
0.30479
0.30761
0.310456
0.313329
0.316228
0.319154
0.322107
0.325087
0.328095
0.331131
0.334195
0.337287
0.340408
0.343558
0.346737
0.349945
0.353183
0.356451
0.359749
0.363078
0.366438
0.369828
0.37325
0.376704
0.380189
0.383707
0.387258
0.390841
0.394457
0.398107
0.401791
0.405509
0.409261
0.413047
0.416869
0.420727
0.42462
0.428549
0.432514
0.436516
0.440555
0.444631
0.448745
0.452898
0.457088
0.461318
0.465586
0.469894
0.474242
0.47863
0.483059
0.487528
0.49204
0.496592
0.501187
0.505825
0.510505
0.515229
0.519996
0.524807
0.529663
0.534564
0.539511
0.544503
0.549541
0.554626
0.559758
0.564937
0.570164
0.57544
0.580764
0.586138
0.591562
0.597035
0.60256
0.608135
0.613762
0.619441
0.625173
0.630957
0.636796
0.642688
0.648634
0.654636
0.660693
0.666807
0.672977
0.679204
0.685488
0.691831
0.698232
0.704693
0.711214
0.717794
0.724436
0.731139
0.737904
0.744732
0.751623
0.758578
0.765597
0.772681
0.77983
0.787046
0.794328
0.801678
0.809096
0.816582
0.824138
0.831764
0.83946
0.847227
0.855067
0.862979
0.870964
0.879023
0.887156
0.895365
0.903649
0.912011
0.92045
0.928966
0.937562
0.946237
0.954993
0.963829
0.972747
0.981748
0.990832
1
1.00925
1.01859
1.02802
1.03753
1.04713
1.05682
1.0666
1.07647
1.08643
1.09648
1.10662
1.11686
1.1272
1.13763
1.14815
1.15878
1.1695
1.18032
1.19124
1.20226
1.21339
1.22462
1.23595
1.24738
1.25893
1.27057
1.28233
1.2942
1.30617
1.31826
1.33045
1.34276
1.35519
1.36773
1.38038
1.39316
1.40605
1.41906
1.43219
1.44544
1.45881
1.47231
1.48594
1.49968
1.51356
1.52757
1.5417
1.55597
1.57036
1.58489
1.59956
1.61436
1.6293
1.64437
1.65959
1.67494
1.69044
1.70608
1.72187
1.7378
1.75388
1.77011
1.78649
1.80302
1.8197
1.83654
1.85353
1.87068
1.88799
1.90546
1.92309
1.94089
1.95884
1.97697
1.99526
2.01372
2.03236
2.05116
2.07014
2.0893
2.10863
2.12814
2.14783
2.1677
2.18776
2.208
2.22844
2.24905
2.26986
2.29087
2.31206
2.33346
2.35505
2.37684
2.39883
2.42103
2.44343
2.46604
2.48886
2.51189
2.53513
2.55859
2.58226
2.60615
2.63027
2.65461
2.67917
2.70396
2.72898
2.75423
2.77971
2.80543
2.83139
2.85759
2.88403
2.91072
2.93765
2.96483
2.99226
3.01995
3.04789
3.0761
3.10456
3.13329
3.16228
3.19154
3.22107
3.25087
3.28095
3.31131
3.34195
3.37287
3.40408
3.43558
3.46737
3.49945
3.53183
3.56451
3.59749
3.63078
3.66438
3.69828
3.7325
3.76704
3.80189
3.83707
3.87258
3.90841
3.94457
3.98107
4.01791
4.05509
4.09261
4.13047
4.16869
4.20727
4.2462
4.28549
4.32514
4.36516
4.40555
4.44631
4.48745
4.52898
4.57088
4.61318
4.65586
4.69894
4.74242
4.7863
4.83059
4.87529
4.9204
4.96592
5.01187
5.05825
5.10505
5.15229
5.19996
5.24807
5.29663
5.34564
5.39511
5.44503
5.49541
5.54626
5.59758
5.64937
5.70164
5.7544
5.80764
5.86138
5.91562
5.97035
6.0256
6.08135
6.13762
6.19441
6.25173
6.30957
6.36796
6.42688
6.48634
6.54636
6.60693
6.66807
6.72977
6.79204
6.85488
6.91831
6.98232
7.04693
7.11214
7.17794
7.24436
7.31139
7.37904
7.44732
7.51623
7.58578
7.65597
7.72681
7.7983
7.87046
7.94328
8.01678
8.09096
8.16582
8.24138
8.31764
8.3946
8.47227
8.55067
8.62979
8.70964
8.79023
8.87156
8.95365
9.03649
9.12011
9.2045
9.28966
9.37562
9.46237
9.54993
9.63829
9.72747
9.81748
9.90832
10
10.0925
10.1859
10.2802
10.3753
10.4713
10.5682
10.666
10.7647
10.8643
10.9648
11.0662
11.1686
11.272
11.3763
11.4815
11.5878
11.695
11.8032
11.9124
12.0226
12.1339
12.2462
12.3595
12.4738
12.5893
12.7057
12.8233
12.942
13.0617
13.1826
13.3045
13.4277
13.5519
13.6773
13.8038
13.9316
14.0605
14.1906
14.3219
14.4544
14.5881
14.7231
14.8594
14.9968
15.1356
15.2757
15.417
15.5597
15.7036
15.8489
15.9956
16.1436
16.293
16.4437
16.5959
16.7494
16.9044
17.0608
17.2187
17.378
17.5388
17.7011
17.8649
18.0302
18.197
18.3654
18.5353
18.7068
18.8799
19.0546
19.2309
19.4089
19.5884
19.7697
19.9526
20.1372
20.3236
20.5116
20.7014
20.893
21.0863
21.2814
21.4783
21.677
21.8776
22.08
22.2844
22.4905
22.6986
22.9087
23.1206
23.3346
23.5505
23.7684
23.9883
24.2103
24.4343
24.6604
24.8886
25.1189
25.3513
25.5859
25.8226
26.0615
26.3027
26.5461
26.7917
27.0396
27.2898
27.5423
27.7971
28.0543
28.3139
28.5759
28.8403
29.1072
29.3765
29.6483
29.9226
30.1995
30.4789
30.761
31.0456
31.3329
31.6228
31.9154
32.2107
32.5087
32.8095
33.1131
33.4195
33.7287
34.0408
34.3558
34.6737
34.9945
35.3183
35.6451
35.9749
36.3078
36.6438
36.9828
37.325
37.6704
38.0189
38.3707
38.7258
39.0841
39.4457
39.8107
40.1791
40.5509
40.9261
41.3048
41.6869
42.0727
42.462
42.8548
43.2514
43.6516
44.0555
44.4631
44.8745
45.2898
45.7088
46.1318
46.5586
46.9894
47.4242
47.863
48.3059
48.7528
49.204
49.6592
50.1187
50.5825
51.0505
51.5229
51.9996
52.4807
52.9663
53.4564
53.9511
54.4503
54.9541
55.4626
55.9758
56.4937
57.0164
57.544
58.0764
58.6138
59.1562
59.7035
60.256
60.8135
61.3762
61.9441
62.5173
63.0957
63.6796
64.2688
64.8634
65.4636
66.0694
66.6807
67.2977
67.9204
68.5488
69.1831
69.8232
70.4693
71.1214
71.7794
72.4436
73.1139
73.7904
74.4732
75.1623
75.8578
76.5597
77.2681
77.983
78.7046
79.4328
80.1678
80.9096
81.6582
82.4138
83.1764
83.946
84.7227
85.5067
86.2979
87.0964
87.9023
88.7156
89.5365
90.3649
91.2011
92.045
92.8967
93.7562
94.6237
95.4993
96.3829
97.2747
98.1748
99.0832
